1.00000000000000006e-01 2.00000000000000000e+00 1.10000000000000009e+00
2.00000000000000011e-01 1.97999999999999998e+00 1.21000000000000019e+00
3.00000000000000044e-01 1.93842000000000003e+00 1.32858000000000009e+00
4.00000000000000022e-01 1.87472739563999991e+00 1.45325660436000015e+00
5.00000000000000000e-01 1.78975413829515451e+00 1.58037694083284541e+00
5.99999999999999978e-01 1.68588093513248771e+00 1.70518786374174303e+00
6.99999999999999956e-01 1.56699465761558665e+00 1.82214344839771858e+00
7.99999999999999933e-01 1.43816521847229861e+00 1.92545800846279347e+00
8.99999999999999911e-01 1.30506906657951549e+00 2.00982488135652737e+00
9.99999999999999889e-01 1.17327994504744226e+00 2.07113842141089943e+00
1.09999999999999987e+00 1.04760542222632380e+00 2.10702709659567233e+00
1.19999999999999996e+00 9.31632663331814714e-01 2.11705768805324634e+00
1.30000000000000004e+00 8.27563920430182121e-01 2.10258392848273568e+00
1.40000000000000013e+00 7.36318052584333693e-01 2.06632779552332879e+00
1.50000000000000022e+00 6.57802412002705394e-01 2.01184246181105753e+00
1.60000000000000031e+00 5.91243170808098517e-01 1.94299769802482913e+00
1.70000000000000040e+00 5.35489075903604728e-01 1.86357634020764973e+00
1.80000000000000049e+00 4.89245506264603613e-01 1.77701118341624631e+00
1.90000000000000058e+00 4.51230583284229603e-01 1.68624953868145600e+00
2.00000000000000044e+00 4.20264905322452920e-01 1.59371332110350994e+00
2.10000000000000053e+00 3.95313218054228366e-01 1.50132016679362890e+00
2.20000000000000062e+00 3.75495369213161179e-01 1.41053732076075611e+00
2.30000000000000071e+00 3.60079882929676964e-01 1.32244861188948093e+00
2.40000000000000080e+00 3.48469157087676840e-01 1.23782246483550074e+00
2.50000000000000089e+00 3.40181777701902777e-01 1.15717451344649236e+00
2.60000000000000098e+00 3.34834987162536846e-01 1.08082203041139935e+00
2.70000000000000107e+00 3.32128782811011769e-01 1.00892953043803812e+00
2.80000000000000115e+00 3.31832207403465806e-01 9.41546031082881485e-01
2.90000000000000124e+00 3.33771898357191898e-01 8.78634957761213808e-01
3.00000000000000133e+00 3.37822722411415921e-01 8.20097827766587573e-01
3.10000000000000142e+00 3.43900226570577783e-01 7.65792813071908496e-01
3.20000000000000151e+00 3.51954617035480588e-01 7.15549163956872625e-01
3.30000000000000160e+00 3.61965995541978725e-01 6.69178330758235296e-01
3.40000000000000169e+00 3.73940615027374190e-01 6.26482477751214129e-01
3.50000000000000178e+00 3.87907952226695385e-01 5.87260954279508973e-01
3.60000000000000187e+00 4.03918428029639009e-01 5.51315178271283957e-01
3.70000000000000195e+00 4.22041634816981204e-01 5.18452296459777306e-01
3.80000000000000204e+00 4.42364952821429069e-01 4.88487912291049819e-01
3.90000000000000213e+00 4.64992454876125116e-01 4.61248114289391720e-01
4.00000000000000178e+00 4.90044011066696872e-01 4.36570992157493343e-01
4.10000000000000142e+00 5.17654512162143976e-01 4.14307792952966547e-01
4.20000000000000107e+00 5.47973133533754098e-01 3.94323843502274118e-01
4.30000000000000071e+00 5.81162559672028012e-01 3.76499346367148213e-01
4.40000000000000036e+00 6.17398083254273033e-01 3.60730144115391116e-01
4.50000000000000000e+00 6.56866481624812315e-01 3.46928539658740043e-01
4.59999999999999964e+00 6.99764556865206444e-01 3.35024258614953108e-01
4.69999999999999929e+00 7.46297202364848422e-01 3.24965642940336474e-01
4.79999999999999893e+00 7.96674827582226519e-01 3.16721173665409583e-01
4.89999999999999858e+00 8.51109931698296074e-01 3.10281434941021672e-01
4.99999999999999822e+00 9.09812563778135464e-01 3.05661652536909745e-01
5.09999999999999787e+00 9.72984338981622288e-01 3.02904968457545498e-01
5.19999999999999751e+00 1.04081059382889318e+00 3.02086650662682366e-01
5.29999999999999716e+00 1.11345015458538166e+00 3.03319484222814906e-01
5.39999999999999680e+00 1.19102205738425471e+00 3.06760648460198571e-01
5.49999999999999645e+00 1.27358839325732087e+00 3.12620453479538096e-01
5.59999999999999609e+00 1.36113225447841502e+00 3.21173386236222269e-01
5.69999999999999574e+00 1.45352953439763888e+00 3.32771993141217637e-01
5.79999999999999538e+00 1.55051309581228991e+00 3.47864185852208685e-01
5.89999999999999503e+00 1.65162760782072593e+00 3.67014564839780788e-01
5.99999999999999467e+00 1.75617322982662927e+00 3.90930247131971886e-01
6.09999999999999432e+00 1.86313642933502455e+00 4.20491345893042434e-01
6.19999999999999396e+00 1.97110679779318287e+00 4.56785485779082401e-01
6.29999999999999361e+00 2.07818017995725990e+00 5.01144234816415235e-01
6.39999999999999325e+00 2.18185139634345360e+00 5.55176612944305869e-01
6.49999999999999289e+00 2.27890524916082260e+00 6.20790238466851552e-01
6.59999999999999254e+00 2.36532356076991412e+00 7.00183427927157043e-01
6.69999999999999218e+00 2.43623988095323085e+00 7.95781121028116156e-01
6.79999999999999183e+00 2.48599249869271732e+00 9.10074379281141210e-01
6.89999999999999147e+00 2.50834794054745425e+00 1.04531074936756196e+00
6.99999999999999112e+00 2.49698242806137571e+00 1.20297998097162973e+00
7.09999999999999076e+00 2.44629868348793655e+00 1.38306397025404348e+00
7.19999999999999041e+00 2.35258979487552367e+00 1.58309633018984575e+00
7.29999999999999005e+00 2.21541114729212385e+00 1.79722432424181355e+00
7.39999999999998970e+00 2.03879318181034952e+00 2.01566097202861894e+00
7.49999999999998934e+00 1.83172091533006753e+00 2.22504645948707402e+00
7.59999999999998899e+00 1.60732659312071524e+00 2.41010822728072549e+00
7.69999999999998863e+00 1.38067614783205328e+00 2.55648050915338665e+00
7.79999999999998828e+00 1.16577659647669618e+00 2.65379962437661021e+00
7.89999999999998792e+00 9.72980506740675821e-01 2.69779341132263895e+00
7.99999999999998757e+00 8.07788517371707648e-01 2.69050411023341063e+00
8.09999999999998721e+00 6.71231536490085157e-01 2.63878953182886278e+00
8.19999999999998685e+00 5.61230814946749645e-01 2.55203445383832062e+00
8.29999999999998650e+00 4.74125858811438206e-01 2.44005904608447510e+00
8.39999999999998614e+00 4.05848935615039985e-01 2.31174265055356987e+00
8.49999999999998579e+00 3.52611999762238226e-01 2.17439021491251872e+00
8.59999999999998543e+00 3.11201591544087441e-01 2.03362280161564168e+00
8.69999999999998508e+00 2.79035085452182807e-01 1.89354718670039079e+00
8.79999999999998472e+00 2.54101983892532690e-01 1.75702907813522002e+00
8.89999999999998437e+00 2.34865724830683242e-01 1.62597262777280083e+00
8.99999999999998401e+00 2.20163773336080615e-01 1.50156388897319171e+00
9.09999999999998366e+00 2.09121153499534917e-01 1.38446649724602633e+00
9.19999999999998330e+00 2.01081145760933444e-01 1.27497197060997869e+00
9.29999999999998295e+00 1.95551977870693811e-01 1.17311205601531388e+00
9.39999999999998259e+00 1.92166737375988106e-01 1.07874128869555763e+00
9.49999999999998224e+00 1.90653591721447496e-01 9.91596979218141272e-01
9.59999999999998188e+00 1.90813798330784629e-01 9.11342433859134715e-01
9.69999999999998153e+00 1.92505507025394762e-01 8.37597861611689587e-01
9.79999999999998117e+00 1.95631837624639759e-01 7.69962295553815124e-01
9.89999999999998082e+00 2.00132107509015861e-01 7.08028979876521469e-01
9.99999999999998046e+00 2.05975385067902750e-01 6.51396015080883961e-01
1.00999999999999801e+01 2.13155769070894785e-01 5.99673568076593777e-01
1.01999999999999797e+01 2.21688957918498880e-01 5.52488599328419761e-01
1.02999999999999794e+01 2.31609791525651920e-01 5.09487801580274624e-01
1.03999999999999790e+01 2.42970534327330095e-01 4.70339257773134178e-01
1.04999999999999787e+01 2.55839729682437289e-01 4.34733190073446574e-01
1.05999999999999783e+01 2.70301500467443612e-01 4.02382073249339334e-01
1.06999999999999780e+01 2.86455202698138234e-01 3.73020313740455134e-01
1.07999999999999776e+01 3.04415362009647528e-01 3.46403643324714128e-01
1.08999999999999773e+01 3.24311839162196913e-01 3.22308338040658060e-01
1.09999999999999769e+01 3.46290182089688925e-01 3.00530345225319961e-01
1.10999999999999766e+01 3.70512129501502530e-01 2.80884381499943270e-01
1.11999999999999762e+01 3.97156235418327119e-01 2.63203050383274573e-01
1.12999999999999758e+01 4.26418585696075658e-01 2.47336018609031288e-01
1.13999999999999755e+01 4.58513576740987083e-01 2.33149284272824303e-01
1.14999999999999751e+01 4.93674723190432430e-01 2.20524567070195243e-01
1.15999999999999748e+01 5.32155455048968773e-01 2.09358850823682580e-01
1.16999999999999744e+01 5.74229855101005104e-01 1.99564111194174915e-01
1.17999999999999741e+01 6.20193273545666446e-01 1.91067267140196617e-01
1.18999999999999737e+01 6.70362737512722795e-01 1.83810403813687240e-01
1.19999999999999734e+01 7.25077046715608797e-01 1.77751327980704754e-01
1.20999999999999730e+01 7.84696410592967020e-01 1.72864535976836986e-01
1.21999999999999726e+01 8.49601433562279462e-01 1.69142700469137569e-01
1.22999999999999723e+01 9.20191188838989982e-01 1.66598818501741269e-01
1.23999999999999719e+01 9.96880031237260100e-01 1.65269213137195975e-01
1.24999999999999716e+01 1.08009267652550967e+00 1.65217649658952914e-01
1.25999999999999712e+01 1.17025690683512140e+00 1.66540922035996852e-01
1.26999999999999709e+01 1.26779303109030206e+00 1.69376396260728646e-01
1.27999999999999705e+01 1.37309891271827822e+00 1.73912178115709914e-01
1.28999999999999702e+01 1.48652894172219119e+00 1.80400822572053809e-01
1.29999999999999698e+01 1.60836473150802561e+00 1.89177844701233222e-01
1.30999999999999694e+01 1.73877450731881167e+00 2.00686757571126501e-01
1.31999999999999691e+01 1.87775705624857836e+00 2.15512983616128362e-01
1.32999999999999687e+01 2.02506465930359925e+00 2.34429787824352448e-01
1.33999999999999684e+01 2.18009757739284549e+00 2.58460356883030928e-01
1.34999999999999680e+01 2.34176045534285127e+00 2.88961200984006461e-01
1.35999999999999677e+01 2.50826870951786418e+00 3.27732872244878237e-01
1.36999999999999673e+01 2.67689136961642626e+00 3.77163795873614816e-01
1.37999999999999670e+01 2.84361785556748359e+00 4.40410067296838459e-01
1.38999999999999666e+01 3.00274384801053529e+00 5.21604853680851299e-01
1.39999999999999662e+01 3.14639365626332745e+00 6.26068944861027377e-01
1.40999999999999659e+01 3.26404708624023909e+00 7.60447986024345823e-01
1.41999999999999655e+01 3.34223799156226065e+00 9.32616990723913686e-01
1.42999999999999652e+01 3.36475899692109337e+00 1.15105808544891564e+00
1.43999999999999648e+01 3.31393159171390206e+00 1.42325558180332479e+00
1.44999999999999645e+01 3.17366758732317367e+00 1.75258718718511108e+00
1.45999999999999641e+01 2.93482143106276316e+00 2.13354138345932798e+00
1.46999999999999638e+01 2.60214727654546607e+00 2.54634354273696850e+00
1.47999999999999634e+01 2.19976591271179878e+00 2.95430527995148529e+00
1.48999999999999631e+01 1.76986449892480202e+00 3.30875275701451343e+00
1.49999999999999627e+01 1.36124654478132734e+00 3.56348188534901711e+00
1.50999999999999623e+01 1.01229345887724009e+00 3.69221143719633549e+00
1.51999999999999620e+01 7.39762656098405635e-01 3.69675044214326043e+00
1.52999999999999616e+01 5.40267129106960842e-01 3.60054719053021977e+00
1.53999999999999613e+01 3.99768112633467398e-01 3.43501820086138743e+00
1.54999999999999609e+01 3.02423849594817551e-01 3.22883745507724518e+00
1.55999999999999606e+01 2.35018489266259900e-01 3.00360145485756025e+00
1.56999999999999602e+01 1.87930150565029486e-01 2.77383149699966047e+00
1.57999999999999599e+01 1.54594508534215691e-01 2.54857700438701107e+00
1.58999999999999595e+01 1.30654358442155893e-01 2.33311890489379126e+00
1.59999999999999591e+01 1.13236578917555120e-01 2.13029022977322846e+00
1.60999999999999588e+01 1.00437559037209356e-01 1.94138388456800692e+00
1.61999999999999602e+01 9.09825290889116900e-02 1.76674428196322486e+00
1.62999999999999616e+01 8.40064956951641073e-02 1.60614414006954109e+00
1.63999999999999631e+01 7.89144911858240261e-02 1.45902238014144348e+00
1.64999999999999645e+01 7.52921394286472367e-02 1.32463394300305826e+00
1.65999999999999659e+01 7.28479010186614540e-02 1.20214400105560282e+00
1.66999999999999673e+01 7.13753244006199716e-02 1.09068696766995021e+00
1.67999999999999687e+01 7.07280432269848519e-02 9.89403084516652265e-01
1.68999999999999702e+01 7.08029931366227494e-02 8.97460630478047583e-01
1.69999999999999716e+01 7.15290025642723870e-02 8.14068857316255445e-01
1.70999999999999730e+01 7.28589494824527506e-02 7.38484924922876762e-01
1.71999999999999744e+01 7.47643208468471432e-02 6.70016956014440002e-01
1.72999999999999758e+01 7.72314166643027072e-02 6.08024596680225127e-01
1.73999999999999773e+01 8.02586982338974742e-02 5.51917997109038105e-01
1.74999999999999787e+01 8.38549460593040891e-02 5.01155819396117419e-01
1.75999999999999801e+01 8.80380012449577254e-02 4.55242676876782437e-01
1.76999999999999815e+01 9.28339358340898868e-02 4.13726274724467769e-01
1.77999999999999829e+01 9.82765455734340432e-02 3.76194431096085802e-01
1.78999999999999844e+01 1.04407091215568792e-01 3.42272096901685863e-01
1.79999999999999858e+01 1.11274236932949841e-01 3.11618450615693099e-01
1.80999999999999872e+01 1.18934150095595895e-01 2.83924116084772749e-01
1.81999999999999886e+01 1.27450737761336919e-01 2.58908531820114030e-01
1.82999999999999901e+01 1.36896003198152788e-01 2.36317486977420443e-01
1.83999999999999915e+01 1.47350511572664017e-01 2.15920830224982430e-01
1.84999999999999929e+01 1.58903958250645877e-01 1.97510351681768725e-01
1.85999999999999943e+01 1.71655836407939438e-01 1.80897834181362877e-01
1.86999999999999957e+01 1.85716203145654735e-01 1.65913267666305236e-01
1.87999999999999972e+01 2.01206545247972712e-01 1.52403219111922200e-01
1.88999999999999986e+01 2.18260747252552012e-01 1.40229349720947943e-01
1.90000000000000000e+01 2.37026165712123871e-01 1.29267071014536494e-01
1.91000000000000014e+01 2.57664814463795022e-01 1.19404331732624089e-01
1.92000000000000028e+01 2.80354666411968545e-01 1.10540528057567686e-01
1.93000000000000043e+01 3.05291077766307151e-01 1.02585530538669145e-01
1.94000000000000057e+01 3.32688340824799977e-01 9.54588222029401079e-02
1.95000000000000071e+01 3.62781371189701385e-01 8.90887437002246679e-02
1.96000000000000085e+01 3.95827534648957979e-01 8.34118429899157326e-02
1.97000000000000099e+01 4.32108617696731367e-01 7.83723291080465900e-02
1.98000000000000114e+01 4.71932943586749365e-01 7.39216320768970592e-02
1.99000000000000128e+01 5.15637632603345608e-01 7.00180742112860299e-02
2.00000000000000142e+01 5.63591000461104885e-01 6.66266621927327218e-02
2.01000000000000156e+01 6.16195081786956700e-01 6.37190146937180735e-02
2.02000000000000171e+01 6.73888255618594334e-01 6.12734475714042590e-02
2.03000000000000185e+01 7.37147935510490626e-01 5.92752484842269320e-02
2.04000000000000199e+01 8.06493266356837823e-01 5.77171863405061616e-02
2.05000000000000213e+01 8.82487740778853502e-01 5.66003199201236540e-02
2.06000000000000227e+01 9.65741606011371823e-01 5.59351967734783156e-02
2.07000000000000242e+01 1.05691387193605091e+00 5.57435717725885890e-02
2.08000000000000256e+01 1.15671364370188479e+00 5.60608300231009091e-02
2.09000000000000270e+01 1.26590037537557598e+00 5.69393797172881230e-02
2.10000000000000284e+01 1.38528245469735678e+00 5.84533999613360625e-02
2.11000000000000298e+01 1.51571325322870787e+00 6.07055069035870587e-02
2.12000000000000313e+01 1.65808336441580528e+00 6.38361703490017279e-02
2.13000000000000327e+01 1.81330713164701640e+00 6.80371225244708749e-02
2.14000000000000341e+01 1.98230062486268155e+00 7.35706302210602792e-02
2.15000000000000355e+01 2.16594677672307467e+00 8.07974778248291559e-02
2.16000000000000369e+01 2.36504115072917775e+00 9.02180337085505268e-02
2.17000000000000384e+01 2.58020832957623636e+00 1.02533166563554878e-01
2.18000000000000398e+01 2.81177346949134899e+00 1.18735542949710587e-01
2.19000000000000412e+01 3.05956507148531909e+00 1.40247733609904224e-01
2.20000000000000426e+01 3.32261187192306684e+00 1.69132666959697864e-01
2.21000000000000441e+01 3.59867683839834340e+00 2.08415620980758304e-01
2.22000000000000455e+01 3.88354247543979136e+00 2.62576105681068761e-01
2.23000000000000469e+01 4.16992417703897100e+00 3.38291041057761699e-01
2.24000000000000483e+01 4.44585179564462329e+00 4.45526736050229910e-01
2.25000000000000497e+01 4.69236239126142518e+00 5.99048646392867257e-01
2.26000000000000512e+01 4.88050329650057257e+00 8.20239115640575944e-01
2.27000000000000526e+01 4.96823565537037570e+00 1.13853317485677286e+00
2.28000000000000540e+01 4.89940910949286756e+00 1.59032996878564092e+00
2.29000000000000554e+01 4.61018230682536689e+00 2.21046468552386433e+00
2.30000000000000568e+01 4.05213601920146171e+00 3.00848273527791976e+00
2.31000000000000583e+01 3.23827149564506866e+00 3.92671258722666749e+00
2.32000000000000597e+01 2.29052250092889365e+00 4.80561747278468232e+00
2.33000000000000611e+01 1.41883725579474707e+00 5.42579322073324999e+00
2.34000000000000625e+01 7.90889224992731066e-01 5.65304565504141543e+00
2.35000000000000639e+01 4.22884857795581104e-01 5.53483437923369692e+00
2.36000000000000654e+01 2.31113578636705647e-01 5.21541070624876113e+00
2.37000000000000668e+01 1.33689713262242271e-01 4.81440485886201941e+00
2.38000000000000682e+01 8.26950440775055529e-02 4.39732801348677871e+00
2.39000000000000696e+01 5.46008250954021987e-02 3.99395893552795478e+00
2.40000000000000711e+01 3.82535622772443573e-02 3.61637038730285720e+00
2.41000000000000725e+01 2.82450135221415793e-02 3.26856725355539890e+00
2.42000000000000739e+01 2.18374422468855973e-02 2.95094260082732918e+00
2.43000000000000753e+01 1.75770826096300382e-02 2.66229244460654035e+00
2.44000000000000767e+01 1.46552574476087362e-02 2.40074273356887069e+00
2.45000000000000782e+01 1.26024329097768339e-02 2.16418681049457629e+00
2.46000000000000796e+01 1.11352742924063358e-02 1.95049553135346687e+00
2.47000000000000810e+01 1.00768714468736000e-02 1.75761790849289357e+00
2.48000000000000824e+01 9.31342961990038604e-03 1.58362724661526477e+00
2.49000000000000838e+01 8.76987249133963538e-03 1.42673942204428905e+00
2.50000000000000853e+01 8.39562745950399661e-03 1.28531671212082976e+00
