0.00000000000000000e+00 4.00000000000000000e+00 3.00000000000000000e+00
1.00000000000000006e-01 -1.10000000000000053e+00 3.39999999999999991e+00
2.00000000000000011e-01 3.02400000000000224e-01 3.29000000000000004e+00
3.00000000000000044e-01 -4.72221176000000131e-01 3.32024000000000008e+00
4.00000000000000022e-01 -9.42138650187379079e-02 3.27301788240000002e+00
5.00000000000000000e-01 -2.84255764549049661e-01 3.26359649589812628e+00
5.99999999999999978e-01 -1.99109909257001338e-01 3.23517091944322122e+00
6.99999999999999956e-01 -2.39900958883692561e-01 3.21525992851752118e+00
7.99999999999999933e-01 -2.25401406402577525e-01 3.19126983262915198e+00
8.99999999999999911e-01 -2.34008543841867339e-01 3.16872969198889409e+00
9.99999999999999889e-01 -2.33536166587275912e-01 3.14532883760470749e+00
1.09999999999999987e+00 -2.36540205700642603e-01 3.12197522094597968e+00
1.19999999999999996e+00 -2.38394756323264512e-01 3.09832120037591530e+00
1.30000000000000004e+00 -2.40712149622118954e-01 3.07448172474358872e+00
1.40000000000000013e+00 -2.42969648502431246e-01 3.05041050978137696e+00
1.50000000000000022e+00 -2.45331103938311035e-01 3.02611354493113405e+00
1.60000000000000031e+00 -2.47754221054340140e-01 3.00158043453730272e+00
1.70000000000000040e+00 -2.50254703022834368e-01 2.97680501243186857e+00
1.80000000000000049e+00 -2.52833554057423693e-01 2.95177954212958493e+00
1.90000000000000058e+00 -2.55495634405744132e-01 2.92649618672384237e+00
2.00000000000000044e+00 -2.58245345678070004e-01 2.90094662328326791e+00
2.10000000000000053e+00 -2.61087590453740137e-01 2.87512208871546093e+00
2.20000000000000062e+00 -2.64027627163598844e-01 2.84901332967008702e+00
2.30000000000000071e+00 -2.67071139937566759e-01 2.82261056695372714e+00
2.40000000000000080e+00 -2.70224277421765302e-01 2.79590345295997045e+00
2.50000000000000089e+00 -2.73493702489318535e-01 2.76888102521779400e+00
2.60000000000000098e+00 -2.76886647597728630e-01 2.74153165496886198e+00
2.70000000000000107e+00 -2.80410977540034634e-01 2.71384299020908903e+00
2.80000000000000115e+00 -2.84075260649351569e-01 2.68580189245508549e+00
2.90000000000000124e+00 -2.87888849814140091e-01 2.65739436639015025e+00
3.00000000000000133e+00 -2.91861974902482169e-01 2.62860548140873629e+00
3.10000000000000142e+00 -2.96005848495084101e-01 2.59941928391848798e+00
3.20000000000000151e+00 -3.00332787191845862e-01 2.56981869906897975e+00
3.30000000000000160e+00 -3.04856351201558184e-01 2.53978542034979515e+00
3.40000000000000169e+00 -3.09591505467968264e-01 2.50929978522963948e+00
3.50000000000000178e+00 -3.14554806252689334e-01 2.47834063468284249e+00
3.60000000000000187e+00 -3.19764617917580984e-01 2.44688515405757334e+00
3.70000000000000195e+00 -3.25241365666411986e-01 2.41490869226581539e+00
3.80000000000000204e+00 -3.31007831269442776e-01 2.38238455569917429e+00
3.90000000000000213e+00 -3.37089500371630657e-01 2.34928377257222998e+00
4.00000000000000178e+00 -3.43514971961910054e-01 2.31557482253506697e+00
4.10000000000000142e+00 -3.50316443070033734e-01 2.28122332533887606e+00
4.20000000000000107e+00 -3.57530284906245888e-01 2.24619168103187272e+00
4.30000000000000071e+00 -3.65197730661537989e-01 2.21043865254124805e+00
4.40000000000000036e+00 -3.73365700298742831e-01 2.17391887947509410e+00
4.50000000000000000e+00 -3.82087794227551347e-01 2.13658230944521987e+00
4.59999999999999964e+00 -3.91425496223593239e-01 2.09837353002246463e+00
4.69999999999999929e+00 -4.01449636931022480e-01 2.05923098040010544e+00
4.79999999999999893e+00 -4.12242183597556655e-01 2.01908601670700305e+00
4.89999999999999858e+00 -4.23898440435134638e-01 1.97786179834724729e+00
4.99999999999999822e+00 -4.36529768674738250e-01 1.93547195430373375e+00
5.09999999999999787e+00 -4.50266968023132708e-01 1.89181897743625993e+00
5.19999999999999751e+00 -4.65264504597533213e-01 1.84679228063394674e+00
5.29999999999999716e+00 -4.81705828273239101e-01 1.80026583017419339e+00
5.39999999999999680e+00 -4.99810099834950006e-01 1.75209524734686939e+00
5.49999999999999645e+00 -5.19840752266192641e-01 1.70211423736337442e+00
5.59999999999999609e+00 -5.42116450143731665e-01 1.65013016213675523e+00
5.69999999999999574e+00 -5.67025198471242331e-01 1.59591851712238197e+00
5.79999999999999538e+00 -5.95042602619202943e-01 1.53921599727525771e+00
5.89999999999999503e+00 -6.26755612361564185e-01 1.47971173701333747e+00
5.99999999999999467e+00 -6.62893513784985511e-01 1.41703617577718100e+00
6.09999999999999432e+00 -7.04368474934800481e-01 1.35074682439868243e+00
6.19999999999999396e+00 -7.52328591827799320e-01 1.28030997690520243e+00
6.29999999999999361e+00 -8.08227042198070067e-01 1.20507711772242243e+00
6.39999999999999325e+00 -8.73911397137605572e-01 1.12425441350261535e+00
6.49999999999999289e+00 -9.51736765468610857e-01 1.03686327378885479e+00
6.59999999999999254e+00 -1.04470385555953538e+00 9.41689597241993637e-01
6.69999999999999218e+00 -1.15661513093994217e+00 8.37219211686040077e-01
6.79999999999999183e+00 -1.29222234277631487e+00 7.21557698592045882e-01
6.89999999999999147e+00 -1.45729299948403557e+00 5.92335464314414417e-01
6.99999999999999112e+00 -1.65842433789670829e+00 4.46606164366010860e-01
7.09999999999999076e+00 -1.90223093711246660e+00 2.80763730576340020e-01
7.19999999999999041e+00 -2.19314951396317115e+00 9.05406368650933380e-02
7.29999999999999005e+00 -2.52847921809802223e+00 -1.28774314531223788e-01
7.39999999999998970e+00 -2.88858427044892219e+00 -3.81622236341026044e-01
7.49999999999998934e+00 -3.22060761165544074e+00 -6.70480663385918274e-01
7.59999999999998899e+00 -3.41947980826225173e+00 -9.92541424551462326e-01
7.69999999999998863e+00 -3.32784846622289399e+00 -1.33448940537768745e+00
7.79999999999998828e+00 -2.80461097777555679e+00 -1.66727425199997681e+00
7.89999999999998792e+00 -1.88913511628504027e+00 -1.94773534977753249e+00
7.99999999999998757e+00 -9.02717718197595498e-01 -2.13664886140603638e+00
8.09999999999998721e+00 -2.06288194665102398e-01 -2.22692063322579603e+00
8.19999999999998685e+00 1.38913543802983486e-01 -2.24754945269230610e+00
8.29999999999998650e+00 2.79247702779370721e-01 -2.23365809831200757e+00
8.39999999999998614e+00 3.35516078431037534e-01 -2.20573332803407052e+00
8.49999999999998579e+00 3.61560904075970024e-01 -2.17218172019096656e+00
8.59999999999998543e+00 3.77116307480966584e-01 -2.13602562978336952e+00
8.69999999999998508e+00 3.89191376287530588e-01 -2.09831399903527283e+00
8.79999999999998472e+00 4.00364612805325704e-01 -2.05939486140651962e+00
8.89999999999998437e+00 4.11660404856703133e-01 -2.01935840012598700e+00
8.99999999999998401e+00 4.23544470268106821e-01 -1.97819235964031659e+00
9.09999999999998366e+00 4.36280383943388028e-01 -1.93583791261350591e+00
9.19999999999998330e+00 4.50064188376251284e-01 -1.89220987421916709e+00
9.29999999999998295e+00 4.65079401438568851e-01 -1.84720345538154196e+00
9.39999999999998259e+00 4.81522815384649583e-01 -1.80069551523768512e+00
9.49999999999998224e+00 4.99619816513382164e-01 -1.75254323369922016e+00
9.59999999999998188e+00 5.19636683189577675e-01 -1.70258125204788202e+00
9.69999999999998153e+00 5.41893219611138344e-01 -1.65061758372892431e+00
9.79999999999998117e+00 5.66777627469059575e-01 -1.59642826176781050e+00
9.89999999999998082e+00 5.94765107268223292e-01 -1.53975049902090455e+00
9.99999999999998046e+00 6.26441736695451445e-01 -1.48027398829408230e+00
1.00999999999999801e+01 6.62535484826477727e-01 -1.41762981462453719e+00
1.01999999999999797e+01 7.03956709372207778e-01 -1.35137626614188933e+00
1.02999999999999794e+01 7.51851100089334978e-01 -1.28098059520466845e+00
1.03999999999999790e+01 8.07668681373956199e-01 -1.20579548519573487e+00
1.04999999999999787e+01 8.73252928290117580e-01 -1.12502861705833923e+00
1.05999999999999783e+01 9.50953684425748458e-01 -1.03770332422932743e+00
1.06999999999999780e+01 1.04376500942245332e+00 -9.42607955786752605e-01
1.07999999999999776e+01 1.15548124697595145e+00 -8.38231454844507229e-01
1.08999999999999773e+01 1.29084486944997234e+00 -7.22683330146912106e-01
1.09999999999999769e+01 1.45561426887290923e+00 -5.93598843201914805e-01
1.10999999999999766e+01 1.65638134720860997e+00 -4.48037416314623904e-01
1.11999999999999762e+01 1.89976760675485723e+00 -2.82399281593762930e-01
1.12999999999999758e+01 2.19024688994941474e+00 -9.24225209182771845e-02
1.13999999999999755e+01 2.52521983769694325e+00 1.26602168076664301e-01
1.14999999999999751e+01 2.88527142173718598e+00 3.79124151846358615e-01
1.15999999999999748e+01 3.21794249362003448e+00 6.67651294020077168e-01
1.16999999999999744e+01 3.41870507588122408e+00 9.89445543382080572e-01
1.17999999999999741e+01 3.33052816907192550e+00 1.33131605097020289e+00
1.18999999999999737e+01 2.81152035754224405e+00 1.66436886787739535e+00
1.19999999999999734e+01 1.89857263610681493e+00 1.94552090363161989e+00
1.20999999999999730e+01 9.10877135911665636e-01 2.13537816724230156e+00
1.21999999999999726e+01 2.10952800983830624e-01 2.22646588083346808e+00
1.22999999999999723e+01 -1.36909578640253160e-01 2.24756116093185110e+00
1.23999999999999719e+01 -2.78461680889826591e-01 2.23387020306782569e+00
1.24999999999999716e+01 -3.35182030280610777e-01 2.20602403497884314e+00
1.25999999999999712e+01 -3.61385121962592704e-01 2.17250583195078217e+00
1.26999999999999709e+01 -3.76994646628797780e-01 2.13636731975452276e+00
1.27999999999999705e+01 -3.89086346445000786e-01 2.09866785509164311e+00
1.28999999999999702e+01 -4.00261903395122243e-01 2.05975922044714288e+00
1.29999999999999698e+01 -4.11553955158361962e-01 2.01973303010763061e+00
1.30999999999999694e+01 -4.23431215992912613e-01 1.97857763459179448e+00
1.31999999999999691e+01 -4.36158323181342789e-01 1.93623451299250315e+00
1.32999999999999687e+01 -4.49931622379214802e-01 1.89261868067436878e+00
1.33999999999999684e+01 -4.64934603900752919e-01 1.84762551843644740e+00
1.34999999999999680e+01 -4.81363858993517690e-01 1.80113205804637211e+00
1.35999999999999677e+01 -4.99444452454068155e-01 1.75299567214702035e+00
1.36999999999999673e+01 -5.19442229671268518e-01 1.70305122690161359e+00
1.37999999999999670e+01 -5.41676437436119484e-01 1.65110700393448684e+00
1.38999999999999666e+01 -5.66534567952782675e-01 1.59693936019087479e+00
1.39999999999999662e+01 -5.94490918978593519e-01 1.54028590339559646e+00
1.40999999999999659e+01 -6.26130415617134228e-01 1.48083681149773705e+00
1.41999999999999655e+01 -6.62179548796704931e-01 1.41822376993602361e+00
1.42999999999999652e+01 -7.03546772457671277e-01 1.35200581505635320e+00
1.43999999999999648e+01 -7.51375316517847947e-01 1.28165113781058615e+00
1.44999999999999645e+01 -8.07112023032033110e-01 1.20651360615880132e+00
1.45999999999999641e+01 -8.72596258074773257e-01 1.12580240385559804e+00
1.46999999999999638e+01 -9.50172598101118648e-01 1.03854277804812067e+00
1.47999999999999634e+01 -1.04282845971086680e+00 9.43525518238008787e-01
1.48999999999999631e+01 -1.15435007616778340e+00 8.39242672266922063e-01
1.49999999999999627e+01 -1.28947064722148008e+00 7.23807664650143678e-01
1.50999999999999623e+01 -1.45393943666100256e+00 5.94860599927995670e-01
1.51999999999999620e+01 -1.65434294980363594e+00 4.49466656261895414e-01
1.52999999999999616e+01 -1.89730943522818118e+00 2.84032361281531809e-01
1.53999999999999613e+01 -2.18734944664547282e+00 9.43014177587136737e-02
1.54999999999999609e+01 -2.52196427022431191e+00 -1.24433526905833619e-01
1.55999999999999606e+01 -2.88195815635128394e+00 -3.76629953928264816e-01
1.56999999999999602e+01 -3.21526796691481875e+00 -6.64825769563393232e-01
1.57999999999999599e+01 -3.41790654826441287e+00 -9.86352566254875107e-01
1.58999999999999595e+01 -3.33316949856910627e+00 -1.32814322108131644e+00
1.59999999999999591e+01 -2.81839174319833585e+00 -1.66146017093822707e+00
1.60999999999999588e+01 -1.90800010689651245e+00 -1.94329934525806070e+00
1.61999999999999602e+01 -9.19060914633134107e-01 -2.13409935594771216e+00
1.62999999999999616e+01 -2.15647210558116864e-01 -2.22600544741102535e+00
1.63999999999999631e+01 1.34889284703091861e-01 -2.24757016846683699e+00
1.64999999999999645e+01 2.77669261034517612e-01 -2.23408123999652775e+00
1.65999999999999659e+01 3.34845726064982807e-01 -2.20631431389307586e+00
1.66999999999999673e+01 3.61208564794586295e-01 -2.17282974128657758e+00
1.67999999999999687e+01 3.76872733635540857e-01 -2.13670888480711874e+00
1.68999999999999702e+01 3.88981257080876941e-01 -2.09902161144356469e+00
1.69999999999999716e+01 4.00159211506534218e-01 -2.06012348573547710e+00
1.70999999999999730e+01 4.11447558574498773e-01 -2.02010756458482366e+00
1.71999999999999744e+01 4.23318035549368588e-01 -1.97896280872737385e+00
1.72999999999999758e+01 4.36036352153272022e-01 -1.93663100517243691e+00
1.73999999999999773e+01 4.49799161341907727e-01 -1.89302736995710963e+00
1.74999999999999787e+01 4.64789927843963668e-01 -1.84804745382291880e+00
1.75999999999999801e+01 4.81205043105837726e-01 -1.80156846103852253e+00
1.76999999999999815e+01 4.99269251421120719e-01 -1.75344795672793885e+00
1.77999999999999829e+01 5.19247966251593418e-01 -1.70352103158582668e+00
1.78999999999999844e+01 5.41459878228696567e-01 -1.65159623496066743e+00
1.79999999999999858e+01 5.66291771636439289e-01 -1.59745024713779782e+00
1.80999999999999872e+01 5.94217043498988073e-01 -1.54082106997415380e+00
1.81999999999999886e+01 6.25819468954765590e-01 -1.48139936562425500e+00
1.82999999999999901e+01 6.61824064204589391e-01 -1.41881741872877853e+00
1.83999999999999915e+01 7.03137383891436318e-01 -1.35263501230831951e+00
1.84999999999999929e+01 7.50900203928959287e-01 -1.28232127391917583e+00
1.85999999999999943e+01 8.06556191577119219e-01 -1.20723125352627991e+00
1.86999999999999957e+01 8.71940613508236262e-01 -1.12657563436856800e+00
1.87999999999999972e+01 9.49392790806241393e-01 -1.03938157301774448e+00
1.88999999999999986e+01 1.04189351048098255e+00 -9.44442293937120314e-01
1.90000000000000000e+01 1.15322090844517788e+00 -8.40252942889022081e-01
1.91000000000000014e+01 1.28809891882841776e+00 -7.24930852044504248e-01
1.92000000000000028e+01 1.45226766439786781e+00 -5.96120960161662494e-01
1.93000000000000043e+01 1.65230819110907801e+00 -4.50894193721875669e-01
1.94000000000000057e+01 1.89485531938170615e+00 -2.85663374610967857e-01
1.95000000000000071e+01 2.18445591276653373e+00 -9.61778426727972202e-02
1.96000000000000085e+01 2.51871109323451359e+00 1.22267748603856169e-01
1.97000000000000099e+01 2.87864299852938732e+00 3.74138857927307500e-01
1.98000000000000114e+01 3.21258274512772024e+00 6.62003157780246321e-01
1.99000000000000128e+01 3.41708355950710141e+00 9.83261432293018434e-01
2.00000000000000142e+01 3.33577293204338154e+00 1.32496978824372857e+00
2.01000000000000156e+01 2.82522699937063049e+00 1.65854708144806673e+00
2.02000000000000171e+01 1.91742032132612605e+00 1.94106978138512987e+00
2.03000000000000185e+01 9.27271783661319127e-01 2.13281181351774229e+00
2.04000000000000199e+01 2.20373292372458174e-01 2.22553899188387438e+00
2.05000000000000213e+01 -1.32851737406129489e-01 2.24757632112112038e+00
2.06000000000000227e+01 -2.76870068192577479e-01 2.23429114738050760e+00
2.07000000000000242e+01 -3.34507021712516450e-01 2.20660414056124976e+00
2.08000000000000256e+01 -3.61031176132623588e-01 2.17315343838999819e+00
2.09000000000000270e+01 -3.76750545363779776e-01 2.13705032077673573e+00
2.10000000000000284e+01 -3.88876098190391539e-01 2.09937526624035797e+00
2.11000000000000298e+01 -4.00056532560661926e-01 2.06048765642131881e+00
2.12000000000000313e+01 -4.11341212875523499e-01 2.02048200316525239e+00
2.13000000000000327e+01 -4.23204927769368189e-01 1.97934788187769994e+00
2.14000000000000341e+01 -4.35914470186883674e-01 1.93702738910076322e+00
2.15000000000000355e+01 -4.49666804826711952e-01 1.89343594208207477e+00
2.16000000000000369e+01 -4.64645372937778967e-01 1.84846926159940361e+00
2.17000000000000384e+01 -4.81046367431516020e-01 1.80200472430562564e+00
2.18000000000000398e+01 -4.99094213125833852e-01 1.75390008756247395e+00
2.19000000000000412e+01 -5.19053892616812007e-01 1.70399066624989048e+00
2.20000000000000426e+01 -5.41243541628391389e-01 1.65208527698820928e+00
2.21000000000000441e+01 -5.66049238091402951e-01 1.59796092282537017e+00
2.22000000000000455e+01 -5.93943480308522287e-01 1.54135599901622977e+00
2.23000000000000469e+01 -6.25508896065871234e-01 1.48196165098537747e+00
2.24000000000000483e+01 -6.61469030248959311e-01 1.41941076137879030e+00
2.25000000000000497e+01 -7.02728542665887357e-01 1.35326385835389429e+00
2.26000000000000512e+01 -7.50425761046977113e-01 1.28299100408730560e+00
2.27000000000000526e+01 -8.06001185386542307e-01 1.20794842798260782e+00
2.28000000000000540e+01 -8.71285992522074837e-01 1.12734830944395359e+00
2.29000000000000554e+01 -9.48614259908885815e-01 1.04021971019174608e+00
2.30000000000000568e+01 -1.04096015840903622e+00 9.45358284200857435e-01
2.31000000000000583e+01 -1.15209373968666529e+00 8.41262268359953769e-01
2.32000000000000597e+01 -1.28672967934710258e+00 7.26052894391287174e-01
2.33000000000000611e+01 -1.45059894663899058e+00 5.97379926456576893e-01
2.34000000000000625e+01 -1.65027706612042380e+00 4.52320031792677824e-01
2.35000000000000639e+01 -1.89240525707002094e+00 2.87292325180635411e-01
2.36000000000000654e+01 -2.18156629427589355e+00 9.80517994736332943e-02
2.37000000000000668e+01 -2.51546033076589426e+00 -1.20104829953956077e-01
2.38000000000000682e+01 -2.87532600588318576e+00 -3.71650863030545509e-01
2.39000000000000696e+01 -3.20988693408804870e+00 -6.59183463618864041e-01
2.40000000000000711e+01 -3.41623625045935020e+00 -9.80172157027668911e-01
2.41000000000000725e+01 -3.33833855294759285e+00 -1.32179578207360393e+00
2.42000000000000739e+01 -2.83202598694872520e+00 -1.65562963736836322e+00
2.43000000000000753e+01 -1.92683292233632364e+00 -1.93883223606323574e+00
2.44000000000000767e+01 -9.35509535020652594e-01 -2.13151552829686830e+00
2.45000000000000782e+01 -2.25131140164279153e-01 -2.22506648179893363e+00
2.46000000000000796e+01 1.30796805311328257e-01 -2.24757959581536149e+00
2.47000000000000810e+01 2.76064038984194404e-01 -2.23449991528422887e+00
2.48000000000000824e+01 3.34165893784151402e-01 -2.20689351138580925e+00
2.49000000000000838e+01 3.60852947723803441e-01 -2.17347692200739395e+00
2.50000000000000853e+01 3.76628078832102309e-01 -2.13739162723501375e+00
2.51000000000000867e+01 3.88770868626789723e-01 -2.09972881935180355e+00
2.52000000000000881e+01 3.99953866066674324e-01 -2.06085173248912445e+00
2.53000000000000895e+01 4.11234917809871425e-01 -2.02085634588245711e+00
2.54000000000000909e+01 4.23091892486234300e-01 -1.97973285410147004e+00
2.55000000000000924e+01 4.35792677139330731e-01 -1.93742366485284667e+00
2.56000000000000938e+01 4.49534552687764544e-01 -1.89384439713891362e+00
2.57000000000000952e+01 4.64500939019071246e-01 -1.84889094187013714e+00
2.58000000000000966e+01 4.80887831780139607e-01 -1.80244084796823012e+00
2.59000000000000981e+01 4.98919337341161895e-01 -1.75435206479021621e+00
2.60000000000000995e+01 5.18860008492774361e-01 -1.70446013105610006e+00
2.61000000000001009e+01 5.41027427301136066e-01 -1.65257413020682264e+00
2.62000000000001023e+01 5.65806966907401732e-01 -1.59847138747670914e+00
2.63000000000001037e+01 5.93670228899665475e-01 -1.54189069078596885e+00
2.64000000000001052e+01 6.25198696318224556e-01 -1.48252366789600232e+00
2.65000000000001066e+01 6.61114446137015754e-01 -1.42000379826417977e+00
2.66000000000001080e+01 7.02320247780755524e-01 -1.35389235365047811e+00
2.67000000000001094e+01 7.49951986603162757e-01 -1.28366032887240245e+00
2.68000000000001108e+01 8.05447002844698168e-01 -1.20866513021208610e+00
2.69000000000001123e+01 8.70632393055467690e-01 -1.12812042992761619e+00
2.70000000000001137e+01 9.47837002785308913e-01 -1.04105719062206936e+00
2.71000000000001151e+01 1.04002840018076803e+00 -9.46273490343538470e-01
2.72000000000001165e+01 1.15096856578096518e+00 -8.42270650325461667e-01
2.73000000000001180e+01 1.28536292386328732e+00 -7.27173793747365127e-01
2.74000000000001194e+01 1.44893327794465621e+00 -5.98637501361036328e-01
2.75000000000001208e+01 1.64824956982438087e+00 -4.53744173566570708e-01
2.76000000000001222e+01 1.88995924610678312e+00 -2.88919216584132610e-01
2.77000000000001236e+01 2.17868059702946848e+00 -9.99232919734542868e-02
2.78000000000001251e+01 2.51221200663141886e+00 1.17944767729492583e-01
2.79000000000001265e+01 2.87200723563969618e+00 3.69165968392634491e-01
2.80000000000001279e+01 3.20718063916756613e+00 6.56366691956604131e-01
2.81000000000001293e+01 3.41536476191220162e+00 9.77084755873360744e-01
2.82000000000001307e+01 3.34086644599939930e+00 1.31862123206458093e+00
2.83000000000001322e+01 2.83878856941264557e+00 1.65270787666452090e+00
2.84000000000001336e+01 1.93623755355603455e+00 1.93658673360578559e+00
2.85000000000001350e+01 9.43773957698026522e-01 2.13021048896138909e+00
2.86000000000001364e+01 2.29920845976303134e-01 2.22458788473119196e+00
2.87000000000001378e+01 -1.28724356452109334e-01 2.24757996932882209e+00
2.88000000000001393e+01 -2.75251109491173596e-01 2.23470753368361130e+00
2.89000000000001407e+01 -3.33822318615548397e-01 2.20718242273449405e+00
2.90000000000001421e+01 -3.60673871235884236e-01 2.17380019087293919e+00
2.91000000000001435e+01 -3.76505331031695090e-01 2.13773280374935082e+00
2.92000000000001450e+01 -3.88665567233624498e-01 2.10008227064618147e+00
2.93000000000001464e+01 -3.99851211530203865e-01 2.06121571392281888e+00
2.94000000000001478e+01 -4.11128673124668942e-01 2.02123059276979866e+00
2.95000000000001492e+01 -4.22978929532832004e-01 1.98011772545733167e+00
2.96000000000001506e+01 -4.35670972867660045e-01 1.93781983250404855e+00
2.97000000000001521e+01 -4.49402404779262910e-01 1.89425273521728244e+00
2.98000000000001535e+01 -4.64356625924873201e-01 1.84931249473935622e+00
2.99000000000001549e+01 -4.80729435961536611e-01 1.80287683214686889e+00
3.00000000000001563e+01 -4.98744623840384094e-01 1.75480388855071512e+00
3.01000000000001577e+01 -5.18666313605754881e-01 1.70492942616667675e+00
3.02000000000001592e+01 -5.40811534913412828e-01 1.65306279480610119e+00
3.03000000000001606e+01 -5.65564957674874469e-01 1.59898164131475995e+00
3.04000000000001620e+01 -5.93397288765808106e-01 1.54242514554727261e+00
3.05000000000001634e+01 -6.24888869080796439e-01 1.48308541667069171e+00
3.06000000000001648e+01 -6.60760311077519868e-01 1.42059652976261197e+00
3.07000000000001663e+01 -7.01912498237807658e-01 1.35452049865486002e+00
3.08000000000001677e+01 -7.49478879331430092e-01 1.28432924883107935e+00
3.09000000000001691e+01 -8.04893642339421067e-01 1.20938136089793624e+00
3.10000000000001705e+01 -8.69979813052001005e-01 1.12889199666399409e+00
3.11000000000001720e+01 -9.47061016817291712e-01 1.04189401535879389e+00
3.12000000000001734e+01 -1.03909823248854760e+00 9.47187913677064675e-01
3.13000000000001748e+01 -1.14984538262406621e+00 8.43278090428209892e-01
3.14000000000001762e+01 -1.28399864746907255e+00 7.28293552165803271e-01
3.15000000000001776e+01 -1.44727065287658485e+00 5.99893687418896038e-01
3.16000000000001791e+01 -1.64622569719514877e+00 4.55166622131237542e-01
3.17000000000001805e+01 -1.88751728426059917e+00 2.90544052411722653e-01
3.18000000000001819e+01 -2.17579882677135261e+00 1.01792323985662736e-01
3.19000000000001833e+01 -2.50896614441403898e+00 -1.15787558691472531e-01
3.20000000000001847e+01 -2.86868674463633999e+00 -3.66684173132876490e-01
3.21000000000001862e+01 -3.20446396527402788e+00 -6.53552847596510444e-01
3.22000000000001876e+01 -3.41446923458668694e+00 -9.73999244123913255e-01
3.23000000000001890e+01 -3.34335669716694328e+00 -1.31544616758258193e+00
3.24000000000001904e+01 -2.84551461283834906e+00 -1.64978183729927630e+00
3.25000000000001918e+01 -1.94563385935216648e+00 -1.93433329858311120e+00
3.26000000000001933e+01 -9.52064837671179887e-01 -2.12889668451832792e+00
3.27000000000001947e+01 -2.34742500134565435e-01 -2.22410316828544596e+00
3.28000000000001961e+01 1.26634258337507966e-01 -2.24757741829890234e+00
3.29000000000001975e+01 2.74431215252331495e-01 -2.23491399246515154e+00
3.30000000000001990e+01 3.33476272314488287e-01 -2.20747087093991823e+00
3.31000000000002004e+01 3.60493938256296109e-01 -2.17412324370846921e+00
3.32000000000002018e+01 3.76382298925991343e-01 -2.13807384988283955e+00
3.33000000000002032e+01 3.88560192844629337e-01 -2.10043561999024053e+00
3.34000000000002046e+01 3.99748568453298425e-01 -2.06157960070577762e+00
3.35000000000002061e+01 4.11022478565715499e-01 -2.02160474386044786e+00
3.36000000000002075e+01 4.22866038741562034e-01 -1.98050249600387640e+00
3.37000000000002089e+01 4.35549357228810385e-01 -1.93821589212972012e+00
3.38000000000002103e+01 4.49270360955465187e-01 -1.89466095640683907e+00
3.39000000000002117e+01 4.64212433492379006e-01 -1.84973392031129258e+00
3.40000000000002132e+01 4.80571179785778069e-01 -1.80331267696205466e+00
3.41000000000002146e+01 4.98570072397106545e-01 -1.75525555898347685e+00
3.42000000000002160e+01 5.18472807682453740e-01 -1.70539855174376620e+00
3.43000000000002174e+01 5.40595864132253912e-01 -1.65355127097552090e+00
3.44000000000002188e+01 5.65323209984971875e-01 -1.59949168456229551e+00
3.45000000000002203e+01 5.93124659401263021e-01 -1.54295936356379837e+00
3.46000000000002217e+01 6.24579413723756249e-01 -1.48364689762367208e+00
3.47000000000002231e+01 6.60406624280793553e-01 -1.42118895625129649e+00
3.48000000000002245e+01 7.01505293040844746e-01 -1.35514829382321711e+00
3.49000000000002260e+01 7.49006437968341765e-01 -1.28499776451913261e+00
3.50000000000002274e+01 8.04341102261979524e-01 -1.21009712072229836e+00
3.51000000000002288e+01 8.69328250459663554e-01 -1.12966301049610029e+00
3.52000000000002302e+01 9.46286299392135488e-01 -1.04273018545013385e+00
3.53000000000002316e+01 1.03816965203137124e+00 -9.48101555510920235e-01
3.54000000000002331e+01 1.14872418611923188e+00 -8.44284590307783134e-01
3.55000000000002345e+01 1.28263684526293731e+00 -7.29412171695859923e-01
3.56000000000002359e+01 1.44561106599801947e+00 -6.01148487169566148e-01
3.57000000000002373e+01 1.64420544319463047e+00 -4.56587380569764223e-01
3.58000000000002387e+01 1.88507936925547370e+00 -2.92166836250301154e-01
3.59000000000002402e+01 2.17292098913466836e+00 -1.03658899324753778e-01
3.60000000000002416e+01 2.50572276746805489e+00 1.13633199588713069e-01
3.61000000000002430e+01 2.86536458932238869e+00 3.64205476335518585e-01
3.62000000000002444e+01 3.20173701685054812e+00 6.50741935267757476e-01
3.63000000000002458e+01 3.41354980912629058e+00 9.70915636952812244e-01
3.64000000000002473e+01 3.34580939365294228e+00 1.31227061786544130e+00
3.65000000000002487e+01 2.85220398589463731e+00 1.64685155723073562e+00
3.66000000000002501e+01 1.95502148486599614e+00 1.93207195582019930e+00
3.67000000000002515e+01 9.60381957925436236e-01 2.12757410430679883e+00
3.68000000000002530e+01 2.39596191219048293e-01 2.22361230009934241e+00
3.69000000000002544e+01 -1.24526377959875145e-01 2.24757191922124733e+00
3.70000000000002558e+01 -2.73604291260208299e-01 2.23511928142525962e+00
3.71000000000002572e+01 -3.33127730758762342e-01 2.20775885229923885e+00
3.72000000000002586e+01 -3.60313140291346812e-01 2.17444607922336264e+00
3.73000000000002601e+01 -3.76258979450399045e-01 2.13841476519422802e+00
3.74000000000002615e+01 -3.88454744283624087e-01 2.10078886724918812e+00
3.75000000000002629e+01 -3.99645936334387886e-01 2.06194339282082550e+00
3.76000000000002643e+01 -4.10916333877470452e-01 2.02197879918738677e+00
3.77000000000002657e+01 -4.22753219944354719e-01 1.98088716579963964e+00
3.78000000000002672e+01 -4.35427830079609335e-01 1.93861184380520424e+00
3.79000000000002686e+01 -4.49138421070687965e-01 1.89506906079724335e+00
3.80000000000002700e+01 -4.64068361558942766e-01 1.85015521869017463e+00
3.81000000000002714e+01 -4.80413063063176438e-01 1.80374838253428038e+00
3.82000000000002728e+01 -4.98395682785260752e-01 1.75570707622796274e+00
3.83000000000002743e+01 -5.18279490449996327e-01 1.70586750794943676e+00
3.84000000000002757e+01 -5.40380414625242000e-01 1.65403955890443721e+00
3.85000000000002771e+01 -5.65081723429555316e-01 1.60000151744191310e+00
3.86000000000002785e+01 -5.92852340301263658e-01 1.54349334509895764e+00
3.87000000000002800e+01 -6.24270329618468733e-01 1.48420811106883122e+00
3.88000000000002814e+01 -6.60053384958715239e-01 1.42178107810698440e+00
3.89000000000002828e+01 -7.01098631195697819e-01 1.35577573961111297e+00
3.90000000000002842e+01 -7.48534661253105527e-01 1.28566587649154318e+00
3.91000000000002856e+01 -8.03789381007070647e-01 1.21081241036623255e+00
3.92000000000002871e+01 -8.68677703230840148e-01 1.13043347226552537e+00
3.93000000000002885e+01 -9.45512847902654108e-01 1.04356570194244136e+00
3.94000000000002899e+01 -1.03724265551485750e+00 9.49014417152175938e-01
3.95000000000002913e+01 -1.14760497217700541e+00 8.45290151600690209e-01
3.96000000000002927e+01 -1.28127751234976750e+00 7.30529654382989668e-01
3.97000000000002942e+01 -1.44395451187380908e+00 6.02401903148012896e-01
3.98000000000002956e+01 -1.64218880277263235e+00 4.58006451960631944e-01
3.99000000000002970e+01 -1.88264549877124332e+00 2.93787571683368665e-01
4.00000000000002984e+01 -2.17004708964240356e+00 1.05523021806244316e-01
4.01000000000002998e+01 -2.50248189892046957e+00 -1.11481687157996057e-01
4.02000000000003013e+01 -2.86204082576041330e+00 -3.61729877050043003e-01
4.03000000000003027e+01 -3.19899989787501049e+00 -6.47933959626084355e-01
4.04000000000003041e+01 -3.41260662608951826e+00 -9.67833949413585470e-01
4.05000000000003055e+01 -3.34822462387884245e+00 -1.30909461202253730e+00
4.06000000000003070e+01 -2.85885655983980769e+00 -1.64391707441042145e+00
4.07000000000003084e+01 -1.96440007604933697e+00 -1.92980273039440231e+00
4.08000000000003098e+01 -9.68725098471039159e-01 -2.12624273799933583e+00
4.09000000000003112e+01 -2.44482006034368871e-01 -2.22311524784643977e+00
4.10000000000003126e+01 1.22400581802800945e-01 -2.24756344844987677e+00
4.11000000000003141e+01 2.72770271957790578e-01 -2.23532339026959681e+00
4.12000000000003155e+01 3.32776669594043839e-01 -2.20804636307381763e+00
4.13000000000003169e+01 3.60131468765420015e-01 -2.17476869611441304e+00
4.14000000000003183e+01 3.76135369512027695e-01 -2.13875554923787092e+00
4.15000000000003197e+01 3.88349220364422654e-01 -2.10114201228666797e+00
4.16000000000003212e+01 3.99543314668251992e-01 -2.06230709025022563e+00
4.17000000000003226e+01 4.10810238803042349e-01 -2.02235275878340026e+00
4.18000000000003240e+01 4.22640472972667214e-01 -1.98127173490309594e+00
4.19000000000003254e+01 4.35306391276773452e-01 -1.93900768760582931e+00
4.20000000000003268e+01 4.49006584979307788e-01 -1.89547704847815202e+00
4.21000000000003283e+01 4.63924409962080064e-01 -1.85057638998022123e+00
4.22000000000003297e+01 4.80255085604287202e-01 -1.80418394898401324e+00
4.23000000000003311e+01 4.98221454779105455e-01 -1.75615844042358460e+00
4.24000000000003325e+01 5.18086361635934245e-01 -1.70633629494567396e+00
4.25000000000003340e+01 5.40165186060510560e-01 -1.65452765878208052e+00
4.26000000000003354e+01 5.64840497601198477e-01 -1.60051114017602947e+00
4.27000000000003368e+01 5.92580330961965385e-01 -1.54402709041590969e+00
4.28000000000003382e+01 6.23961616137496011e-01 -1.48476905731971320e+00
4.29000000000003396e+01 6.59700592324722113e-01 -1.42237289570596359e+00
4.30000000000003411e+01 7.00692511710229393e-01 -1.35640283647349147e+00
4.31000000000003425e+01 7.48063547927574013e-01 -1.28633358530246844e+00
4.32000000000003439e+01 8.03238476972819804e-01 -1.21152723050971112e+00
4.33000000000003453e+01 8.68028169322310639e-01 -1.13120338281242905e+00
4.34000000000003467e+01 9.44740659747174250e-01 -1.04440056588019803e+00
4.35000000000003482e+01 1.03631723965125122e+00 -9.49926499905480615e-01
4.36000000000003496e+01 1.14648773671522397e+00 -8.46294775940355515e-01
4.37000000000003510e+01 1.27992064384089654e+00 -7.31646002268833140e-01
4.38000000000003524e+01 1.44230098507050863e+00 -6.03653937884743419e-01
4.39000000000003539e+01 1.64017577086708810e+00 -4.59423839377692544e-01
4.40000000000003553e+01 1.88021567044403692e+00 -2.95406262290983712e-01
4.41000000000003567e+01 2.16717713370827569e+00 -1.07384695246580009e-01
4.42000000000003581e+01 2.49924356167236583e+00 1.09333018124247561e-01
4.43000000000003595e+01 2.85871550962776722e+00 3.59257374291484188e-01
4.44000000000003610e+01 3.19625271185953030e+00 6.45128925254260910e-01
4.45000000000003624e+01 3.41163982594254289e+00 9.64754196440213985e-01
4.46000000000003638e+01 3.35060247746895268e+00 1.30591817903446827e+00
4.47000000000003652e+01 2.86547220851791984e+00 1.64097842678136363e+00
4.48000000000003666e+01 1.97376927970033478e+00 1.92752564763315570e+00
4.49000000000003681e+01 9.77094036360967144e-01 2.12490257560318918e+00
4.50000000000003695e+01 2.49400029580468252e-01 2.22261197923928577e+00
4.51000000000003709e+01 -1.20256735849285756e-01 2.24755198219733243e+00
4.52000000000003723e+01 -2.71929091235253551e-01 2.23552630861240376e+00
4.53000000000003737e+01 -3.32423064231747389e-01 2.20833339948887852e+00
4.54000000000003752e+01 -3.59948915020167237e-01 2.17509109306570370e+00
4.55000000000003766e+01 -3.76011465989412152e-01 2.13909620156368696e+00
4.56000000000003780e+01 -3.88243619890738023e-01 2.10149505496474553e+00
4.57000000000003794e+01 -3.99440702945987047e-01 2.06267069297567174e+00
4.58000000000003809e+01 -4.10704193084176716e-01 2.02272662268107295e+00
4.59000000000003823e+01 -4.22527797657478776e-01 1.98165620337265524e+00
4.60000000000003837e+01 -4.35185040676906165e-01 1.93940342360690732e+00
4.61000000000003851e+01 -4.48874852535760205e-01 1.89588491953921667e+00
4.62000000000003865e+01 -4.63780578539467803e-01 1.85099743428564056e+00
4.63000000000003880e+01 -4.80097247219909096e-01 1.80461937643169379e+00
4.64000000000003894e+01 -4.98047388153226578e-01 1.75660965170970296e+00
4.65000000000003908e+01 -5.17893420968245866e-01 1.70680491289438030e+00
4.66000000000003922e+01 -5.39950178106744394e-01 1.65501557079755579e+00
4.67000000000003936e+01 -5.64599532093186585e-01 1.60102055298688128e+00
4.68000000000003951e+01 -5.92308630880444720e-01 1.54456059977756266e+00
4.69000000000003965e+01 -6.23653272654595803e-01 1.48532973668951818e+00
4.70000000000003979e+01 -6.59348245593807225e-01 1.42296440942405855e+00
4.71000000000003993e+01 -7.00286933594329475e-01 1.35702958486467784e+00
4.72000000000004007e+01 -7.47593096736239637e-01 1.28700089150524488e+00
4.73000000000004022e+01 -8.02688388560773958e-01 1.21224158183162101e+00
4.74000000000004036e+01 -8.67379646695242257e-01 1.13197274297554351e+00
4.75000000000004050e+01 -9.43969732329527300e-01 1.04523477830601919e+00
4.76000000000004064e+01 -1.03539340115941769e+00 9.50837805073066478e-01
4.77000000000004079e+01 -1.14537247565902178e+00 8.47298464957124686e-01
4.78000000000004093e+01 -1.27856623485413046e+00 7.32761217391222464e-01
4.79000000000004107e+01 -1.44065048015645747e+00 6.04904593905809418e-01
4.80000000000004121e+01 -1.63816634240425318e+00 4.60839545890163627e-01
4.81000000000004135e+01 -1.87778988186670137e+00 2.97022911649738264e-01
4.82000000000004150e+01 -2.16431112663755609e+00 1.09243923463068104e-01
4.83000000000004164e+01 -2.49600777840024790e+00 -1.07187189200687510e-01
4.84000000000004178e+01 -2.85538869621803926e+00 -3.56787967040712306e-01
4.85000000000004192e+01 -3.19349556184993100e+00 -6.42326836662516221e-01
4.86000000000004206e+01 -3.41064954905193840e+00 -9.61676392847509387e-01
4.87000000000004221e+01 -3.35294304523466113e+00 -1.30274134775270323e+00
4.88000000000004235e+01 -2.87205080835486326e+00 -1.63803565227616943e+00
4.89000000000004249e+01 -1.98312874349911450e+00 -1.92524073311165589e+00
4.90000000000004263e+01 -9.85488545709416019e-01 -2.12355360746156752e+00
4.91000000000004277e+01 -2.54350345023415136e-01 -2.22210246203250916e+00
4.92000000000004292e+01 1.18094705590118421e-01 -2.24753749653485047e+00
4.93000000000004306e+01 2.71080682426708020e-01 -2.23572802597583875e+00
4.94000000000004320e+01 3.32066889846866831e-01 -2.20861995773316799e+00
4.95000000000004334e+01 3.59765470313689772e-01 -2.17541326874848151e+00
4.96000000000004349e+01 3.75887265732232412e-01 -2.13943672171711263e+00
4.97000000000004363e+01 3.88137941656087171e-01 -2.10184799514388931e+00
4.98000000000004377e+01 3.99338100654972938e-01 -2.06303420097828072e+00
4.99000000000004391e+01 4.10598196461244624e-01 -2.02310039091278338e+00
5.00000000000004405e+01 4.22415193829287272e-01 -1.98204057126665889e+00
