0.0 1.0 1.0
1.00000000000000006e-01 9.00000000000000022e-01 1.10000000000000009e+00
2.00000000000000011e-01 7.61649999999999938e-01 1.19000000000000017e+00
3.00000000000000044e-01 5.95111615249999892e-01 1.26616500000000021e+00
4.00000000000000022e-01 4.14651754445875542e-01 1.32567616152500012e+00
5.00000000000000000e-01 2.34974477367785872e-01 1.36714133696958773e+00
5.99999999999999978e-01 6.76287617421346687e-02 1.39063878470636637e+00
6.99999999999999956e-01 -8.09086506820270446e-02 1.39740166088057993e+00
7.99999999999999933e-01 -2.09086184942393949e-01 1.38931079581237715e+00
8.99999999999999911e-01 -3.18843955660401079e-01 1.36840217731813785e+00
9.99999999999999889e-01 -4.13954298040225321e-01 1.33651778175209768e+00
1.09999999999999987e+00 -4.98783491998127215e-01 1.29512235194807523e+00
1.19999999999999996e+00 -5.77618682981663190e-01 1.24524400274826252e+00
1.30000000000000004e+00 -6.54434729387992409e-01 1.18748213445009609e+00
1.40000000000000013e+00 -7.32924033847026091e-01 1.12203866151129694e+00
1.50000000000000022e+00 -8.16657016116017043e-01 1.04874625812659428e+00
1.60000000000000031e+00 -9.09297869039908502e-01 9.67080556514992584e-01
1.70000000000000040e+00 -1.01483818911634360e+00 8.76150769611001690e-01
1.80000000000000049e+00 -1.13782441027661241e+00 7.74666950699367307e-01
1.90000000000000058e+00 -1.28354198624584637e+00 6.60884509671706089e-01
2.00000000000000044e+00 -1.45807016069073914e+00 5.32530311047121452e-01
2.10000000000000053e+00 -1.66800991939533816e+00 3.86723294978047527e-01
2.20000000000000062e+00 -1.91946487657726150e+00 2.19922303038513706e-01
2.30000000000000071e+00 -2.21545136464047898e+00 2.79758153807875554e-02
2.40000000000000080e+00 -2.55030656367049691e+00 -1.93569321083260359e-01
2.50000000000000089e+00 -2.89916196922412350e+00 -4.48599977450310050e-01
2.60000000000000098e+00 -3.20166132010428761e+00 -7.38516174372722434e-01
2.70000000000000107e+00 -3.34612803944603998e+00 -1.05868230638315119e+00
2.80000000000000115e+00 -3.17962384002149090e+00 -1.39329511032775510e+00
2.90000000000000124e+00 -2.59136104612654572e+00 -1.71125749432990415e+00
3.00000000000000133e+00 -1.67065734071616401e+00 -1.97039359894255872e+00
3.10000000000000142e+00 -7.51279808811815109e-01 -2.13745933301417512e+00
3.20000000000000151e+00 -1.35366386201904665e-01 -2.21258731389535646e+00
3.30000000000000160e+00 1.64991174235070481e-01 -2.22612395251554673e+00
3.40000000000000169e+00 2.89707016866765532e-01 -2.20962483509203977e+00
3.50000000000000178e+00 3.41953900709644654e-01 -2.18065413340536329e+00
3.60000000000000187e+00 3.67400830559841240e-01 -2.14645874333439890e+00
3.70000000000000195e+00 3.83248771592285709e-01 -2.10971866027841459e+00
3.80000000000000204e+00 3.95836922431837157e-01 -2.07139378311918598e+00
3.90000000000000213e+00 4.07590867005029500e-01 -2.03181009087600239e+00
4.00000000000000178e+00 4.19514819356560820e-01 -1.99105100417549941e+00
4.10000000000000142e+00 4.32085753386865667e-01 -1.94909952223984329e+00
4.20000000000000107e+00 4.45585218389347726e-01 -1.90589094690115668e+00
4.30000000000000071e+00 4.60229176840349807e-01 -1.86133242506222185e+00
4.40000000000000036e+00 4.76223167026071037e-01 -1.81530950737818686e+00
4.50000000000000000e+00 4.93789390264464112e-01 -1.76768719067557978e+00
4.59999999999999964e+00 5.13183628174342599e-01 -1.71830825164913348e+00
4.69999999999999929e+00 5.34709390035302934e-01 -1.66698988883169918e+00
4.79999999999999893e+00 5.58732784899667378e-01 -1.61351894982816879e+00
4.89999999999999858e+00 5.85700220313925879e-01 -1.55764567133820209e+00
4.99999999999999822e+00 6.16160664724832219e-01 -1.49907564930680959e+00
5.09999999999999787e+00 6.50794322892119137e-01 -1.43745958283432640e+00
5.19999999999999751e+00 6.90449954288308798e-01 -1.37238015054511453e+00
5.29999999999999716e+00 7.36193620826365858e-01 -1.30333515511628373e+00
5.39999999999999680e+00 7.89372293482326737e-01 -1.22971579303364709e+00
5.49999999999999645e+00 8.51696289166253395e-01 -1.15077856368541442e+00
5.59999999999999609e+00 9.25344490674960829e-01 -1.06560893476878915e+00
5.69999999999999574e+00 1.01309464796334003e+00 -9.73074485701293068e-01
5.79999999999999538e+00 1.11847535335413228e+00 -8.71765020904958998e-01
5.89999999999999503e+00 1.24592128799567692e+00 -7.59917485569545748e-01
5.99999999999999467e+00 1.40087804796627191e+00 -6.35325356769978034e-01
6.09999999999999432e+00 1.58972508388823841e+00 -4.95237551973350842e-01
6.19999999999999396e+00 1.81922315002428148e+00 -3.36265043584527024e-01
6.29999999999999361e+00 2.09487705212384601e+00 -1.54342728582098854e-01
6.39999999999999325e+00 2.41705735985489456e+00 5.51449766302857525e-02
6.49999999999999289e+00 2.77299893689501298e+00 2.96850712615775225e-01
6.59999999999999254e+00 3.12261006247565787e+00 5.74150606305276590e-01
6.69999999999999218e+00 3.37918175661424947e+00 8.86411612552842398e-01
6.79999999999999183e+00 3.39915144379851863e+00 1.22432978821426741e+00
6.89999999999999147e+00 3.02230042784224118e+00 1.56424493259411923e+00
6.99999999999999112e+00 2.20994809352304777e+00 1.86647497537834339e+00
7.09999999999999076e+00 1.19996382585117844e+00 2.08746978473064804e+00
7.19999999999999041e+00 3.86879647357736611e-01 2.20746616731576584e+00
7.29999999999999005e+00 -5.86192965623356654e-02 2.24615413205153969e+00
7.39999999999998970e+00 -2.47665619271571463e-01 2.24029220239530602e+00
7.49999999999998934e+00 -3.22392995917956393e-01 2.21552564046814870e+00
7.59999999999998899e+00 -3.54932001497228866e-01 2.18328634087635320e+00
7.69999999999998863e+00 -3.72720190616026514e-01 2.14779314072663041e+00
7.79999999999998828e+00 -3.85502937778694432e-01 2.11052112166502770e+00
7.89999999999998792e+00 -3.96808664656327748e-01 2.07197082788715825e+00
7.99999999999998757e+00 -4.07998351052676067e-01 2.03228996142152551e+00
8.09999999999998721e+00 -4.19659729203244847e-01 1.99149012631625788e+00
8.19999999999998685e+00 -4.32100055830214214e-01 1.94952415339593332e+00
8.29999999999998650e+00 -4.45528679330467026e-01 1.90631414781291197e+00
8.39999999999998614e+00 -4.60129465428731899e-01 1.86176127987986528e+00
8.49999999999998579e+00 -4.76093001778396696e-01 1.81574833333699215e+00
8.59999999999998543e+00 -4.93634132643178070e-01 1.76813903315915244e+00
8.69999999999998508e+00 -5.13004739414520738e-01 1.71877561989483452e+00
8.79999999999998472e+00 -5.34506019999418824e-01 1.66747514595338253e+00
8.89999999999998437e+00 -5.58502474999270526e-01 1.61402454395344064e+00
8.99999999999998401e+00 -5.85439156244355163e-01 1.55817429645351369e+00
9.09999999999998366e+00 -6.15863673368528985e-01 1.49963038082907807e+00
9.19999999999998330e+00 -6.50454695833255658e-01 1.43804401349222521e+00
9.29999999999998295e+00 -6.90059124904009336e-01 1.37299854390889964e+00
9.39999999999998259e+00 -7.35740691692174376e-01 1.30399263141849864e+00
9.49999999999998224e+00 -7.88843392819278177e-01 1.23041856224928114e+00
9.59999999999998188e+00 -8.51073725443596607e-01 1.15153422296735330e+00
9.69999999999998153e+00 -9.24605676562788914e-01 1.06642685042299368e+00
9.79999999999998117e+00 -1.01221079166036687e+00 9.73966282766714819e-01
9.89999999999998082e+00 -1.11740999824353393e+00 8.72745203600678088e-01
9.99999999999998046e+00 -1.24462898886024398e+00 7.61004203776324717e-01
1.00999999999999801e+01 -1.39930394536696356e+00 6.36541304890300363e-01
1.01999999999999797e+01 -1.58780715738345357e+00 4.96610910353603996e-01
1.02999999999999794e+01 -1.81690100112813324e+00 3.37830194615258650e-01
1.03999999999999790e+01 -2.09211494108946017e+00 1.56140094502445315e-01
1.04999999999999787e+01 -2.41389541237312510e+00 -5.30713996065007021e-02
1.05999999999999783e+01 -2.76965274720676646e+00 -2.94460940843813246e-01
1.06999999999999780e+01 -3.11963222102225846e+00 -5.71426215564489914e-01
1.07999999999999776e+01 -3.37763737965235400e+00 -8.83389437666715738e-01
1.08999999999999773e+01 -3.40056951540382268e+00 -1.22115317563195114e+00
1.09999999999999769e+01 -3.02789254469601099e+00 -1.56121012717233354e+00
1.10999999999999766e+01 -2.21893803885670282e+00 -1.86399938164193468e+00
1.11999999999999762e+01 -1.20892587275990038e+00 -2.08589318552760483e+00
1.12999999999999758e+01 -3.92678962040241775e-01 -2.20678577280359489e+00
1.13999999999999755e+01 5.59440655575533241e-02 -2.24605366900761894e+00
1.14999999999999751e+01 2.46607409137038880e-01 -2.24045926245186378e+00
1.15999999999999748e+01 3.21961729481937686e-01 -2.21579852153815970e+00
1.16999999999999744e+01 3.54722468781737188e-01 -2.18360234858996582e+00
1.17999999999999741e+01 3.72587220955376663e-01 -2.14813010171179197e+00
1.18999999999999737e+01 3.85394826159453363e-01 -2.11087137961625437e+00
1.19999999999999734e+01 3.96706120969742837e-01 -2.07233189700030884e+00
1.20999999999999730e+01 4.07893523253641255e-01 -2.03266128490333475e+00
1.21999999999999726e+01 4.19548901690341369e-01 -1.99187193257797057e+00
1.22999999999999723e+01 4.31981004588414208e-01 -1.94991704240893649e+00
1.23999999999999719e+01 4.45399657700084328e-01 -1.90671894195009495e+00
1.24999999999999716e+01 4.59988779591633812e-01 -1.86217897618008643e+00
1.25999999999999712e+01 4.75938803304068625e-01 -1.81618009822092308e+00
1.26999999999999709e+01 4.93464287659158451e-01 -1.76858621789051629e+00
1.27999999999999705e+01 5.12816717298214986e-01 -1.71923978912460051e+00
1.28999999999999702e+01 5.34296774886369175e-01 -1.66795811739477906e+00
1.29999999999999698e+01 5.58268304008041727e-01 -1.61452843990614214e+00
1.30999999999999694e+01 5.85175520938011284e-01 -1.55870160950533787e+00
1.31999999999999691e+01 6.15564969895488368e-01 -1.50018405741153682e+00
1.32999999999999687e+01 6.50113955970455404e-01 -1.43862756042198803e+00
1.33999999999999684e+01 6.89667625458216804e-01 -1.37361616482494253e+00
1.34999999999999680e+01 7.35287443851821654e-01 -1.30464940227912085e+00
1.35999999999999677e+01 7.88314477065486519e-01 -1.23112065789393865e+00
1.36999999999999673e+01 8.50451434077723945e-01 -1.15228921018739006e+00
1.37999999999999670e+01 9.23867431036538678e-01 -1.06724406677961769e+00
1.38999999999999666e+01 1.01132783010084060e+00 -9.74857323675963783e-01
1.39999999999999662e+01 1.11634591168918140e+00 -8.73724540665879679e-01
1.40999999999999659e+01 1.24333839092940401e+00 -7.62089949496961516e-01
1.41999999999999655e+01 1.39773203042040772e+00 -6.37756110404021137e-01
1.42999999999999652e+01 1.58589191485054704e+00 -4.97982907361980365e-01
1.43999999999999648e+01 1.81458191177445816e+00 -3.39393715876925683e-01
1.44999999999999645e+01 2.08935583525214730e+00 -1.57935524699479857e-01
1.45999999999999641e+01 2.41073534518786481e+00 5.10000588257348841e-02
1.46999999999999638e+01 2.76630509051880136e+00 2.92073593344521376e-01
1.47999999999999634e+01 3.11664572317715471e+00 5.68704102396401456e-01
1.48999999999999631e+01 3.37607230099071209e+00 8.80368674714116950e-01
1.49999999999999627e+01 3.40195305781546775e+00 1.21797590481318818e+00
1.50999999999999623e+01 3.03344652658056235e+00 1.55817121059473496e+00
1.51999999999999620e+01 2.22791178897306397e+00 1.86151586325279128e+00
1.52999999999999616e+01 1.21790917635272899e+00 2.08430704215009754e+00
1.53999999999999613e+01 3.98513874798353096e-01 2.20609795978537049e+00
1.54999999999999609e+01 -5.32460161259933340e-02 2.24594934726520590e+00
1.55999999999999606e+01 -2.45539613484903857e-01 2.24062474565260672e+00
1.56999999999999602e+01 -3.21526996334565496e-01 2.21607078430411653e+00
1.57999999999999599e+01 -3.54511722690461384e-01 2.18391808467066006e+00
1.58999999999999595e+01 -3.72453836044107978e-01 2.14846691240161380e+00
1.59999999999999591e+01 -3.85286590624119241e-01 2.11122152879720293e+00
1.60999999999999588e+01 -3.96603567069669039e-01 2.07269286973479083e+00
1.61999999999999602e+01 -4.07788734942564290e-01 2.03303251302782373e+00
1.62999999999999616e+01 -4.19438139888304806e-01 1.99225363953356727e+00
1.63999999999999631e+01 -4.31862036979816455e-01 1.95030982554473686e+00
1.64999999999999645e+01 -4.45270735414461050e-01 1.90712362184675532e+00
1.65999999999999659e+01 -4.59848209335895319e-01 1.86259654830530930e+00
1.66999999999999673e+01 -4.75784738671727270e-01 1.81661172737171972e+00
1.67999999999999687e+01 -4.93294597894189557e-01 1.76903325350454699e+00
1.68999999999999702e+01 -5.12628875939892814e-01 1.71970379371512805e+00
1.69999999999999716e+01 -5.34087741418483142e-01 1.66844090612113871e+00
1.70999999999999730e+01 -5.58034382357239789e-01 1.61503213197929041e+00
1.71999999999999744e+01 -5.84912181335779713e-01 1.55922869374356643e+00
1.72999999999999758e+01 -6.15266619566747774e-01 1.50073747560998849e+00
1.73999999999999773e+01 -6.49773640908690830e-01 1.43921081365331371e+00
1.74999999999999787e+01 -6.89276640792645945e-01 1.37423344956244464e+00
1.75999999999999801e+01 -7.34834824455819824e-01 1.30530578548317999e+00
1.76999999999999815e+01 -7.87786334064840887e-01 1.23182230303759810e+00
1.77999999999999829e+01 -8.49830099323066857e-01 1.15304366963111393e+00
1.78999999999999844e+01 -9.23130376604705871e-01 1.06806065969880715e+00
1.79999999999999858e+01 -1.01044635777500735e+00 9.75747622038336537e-01
1.80999999999999872e+01 -1.11528368974952752e+00 8.74702986260835758e-01
1.81999999999999886e+01 -1.24205012016226068e+00 7.63174617285882984e-01
1.82999999999999901e+01 -1.39616298815869033e+00 6.38969605269656959e-01
1.83999999999999915e+01 -1.58398013157352180e+00 4.99353306453787948e-01
1.84999999999999929e+01 -1.81226678011413056e+00 3.40955293296435757e-01
1.85999999999999943e+01 -2.08660078529326354e+00 1.59728615285022690e-01
1.86999999999999957e+01 -2.40757837558346299e+00 -4.89314632443036690e-02
1.87999999999999972e+01 -2.76295732016010387e+00 -2.89689300802649985e-01
1.88999999999999986e+01 -3.11365192653222689e+00 -5.65985032818660416e-01
1.90000000000000000e+01 -3.37448756375943848e+00 -8.77350225471883127e-01
1.91000000000000014e+01 -3.40330223700854440e+00 -1.21479898184782709e+00
1.92000000000000028e+01 -3.03896104077718565e+00 -1.55512920554868161e+00
1.93000000000000043e+01 -2.23686653161692472e+00 -1.85902530962640022e+00
1.94000000000000057e+01 -1.22691072448857086e+00 -2.08271196278809256e+00
1.95000000000000071e+01 -4.04382541770164972e-01 -2.20540303523694980e+00
1.96000000000000085e+01 5.05259060321028297e-02 -2.24584128941396610e+00
1.97000000000000099e+01 2.44462512678004118e-01 -2.24078869881075571e+00
1.98000000000000114e+01 3.21088904607863046e-01 -2.21634244754295517e+00
1.99000000000000128e+01 3.54299807193733662e-01 -2.18423355708216871e+00
2.00000000000000142e+01 3.72320054615769780e-01 -2.14880357636279529e+00
2.01000000000000156e+01 3.85178239504214093e-01 -2.11157157090121839e+00
2.02000000000000171e+01 3.96501006806530165e-01 -2.07305374695079703e+00
2.03000000000000185e+01 4.07683987952113969e-01 -2.03340364627014392e+00
2.04000000000000199e+01 4.19327444678301575e-01 -1.99263524747493248e+00
2.05000000000000213e+01 4.31743153413116976e-01 -1.95070250300710235e+00
2.06000000000000227e+01 4.45141912632135262e-01 -1.90752818766579058e+00
2.07000000000000242e+01 4.59707754675355906e-01 -1.86301399640257714e+00
2.08000000000000256e+01 4.75630807800375033e-01 -1.81704322093504156e+00
2.09000000000000270e+01 4.93125063194336466e-01 -1.76948014015500399e+00
2.10000000000000284e+01 5.12441215119328941e-01 -1.72016763383557025e+00
2.11000000000000298e+01 5.33878919306427724e-01 -1.66892351232363745e+00
2.12000000000000313e+01 5.57800709678536788e-01 -1.61553562039299470e+00
2.13000000000000327e+01 5.84649136973953487e-01 -1.55975554942514094e+00
2.14000000000000341e+01 6.14968621799785287e-01 -1.50129063572774557e+00
2.15000000000000355e+01 6.49433749914739900e-01 -1.43979377354776705e+00
2.16000000000000369e+01 6.88886169980912344e-01 -1.37485039855629299e+00
2.17000000000000384e+01 7.34382832328803414e-01 -1.30596178155820164e+00
2.18000000000000398e+01 7.87258962320627309e-01 -1.23252349832532127e+00
2.19000000000000412e+01 8.49209719269748309e-01 -1.15379760209325855e+00
2.20000000000000426e+01 9.22394510832234560e-01 -1.06887663016628376e+00
2.21000000000000441e+01 1.00956637159621732e+00 -9.76637179083060358e-01
2.22000000000000455e+01 1.11422332856780160e+00 -8.75680541923438582e-01
2.23000000000000469e+01 1.24076417188146748e+00 -7.64258209066658423e-01
2.24000000000000483e+01 1.39459681324388596e+00 -6.40181791878511652e-01
2.25000000000000497e+01 1.58207180223536659e+00 -5.00722110554123079e-01
2.26000000000000512e+01 1.80995560268619671e+00 -3.42514930330586442e-01
2.27000000000000526e+01 2.08384979376157675e+00 -1.61519370061966760e-01
2.28000000000000540e+01 2.40442452037191323e+00 4.68656093141909258e-02
2.29000000000000554e+01 2.75960948108243098e+00 2.87308061351382260e-01
2.30000000000000568e+01 3.11065092071464022e+00 5.63269009459625325e-01
2.31000000000000583e+01 3.37288330276184833e+00 8.74334101531089369e-01
2.32000000000000597e+01 3.40461717131010344e+00 1.21162243180727414e+00
2.33000000000000611e+01 3.04443603487414416e+00 1.55208414893828461e+00
2.34000000000000625e+01 2.24580195350640555e+00 1.85652775242569912e+00
2.35000000000000639e+01 1.23593021711447659e+00 2.08110794777633945e+00
2.36000000000000654e+01 4.10284981642086377e-01 2.20470096948778727e+00
2.37000000000000668e+01 -4.77835913115269850e-02 2.24572946765199610e+00
2.38000000000000682e+01 -2.43376022830030847e-01 2.24095110852084334e+00
2.39000000000000696e+01 -3.20647421709758573e-01 2.21661350623784026e+00
2.40000000000000711e+01 -3.54086710771455204e-01 2.18454876406686438e+00
2.41000000000000725e+01 -3.72185872561722864e-01 2.14914009298971864e+00
2.42000000000000739e+01 -3.85069771256505211e-01 2.11192150573354631e+00
2.43000000000000753e+01 -3.96398439545899650e-01 2.07341452860789577e+00
2.44000000000000767e+01 -4.07579281978071695e-01 2.03377468465330580e+00
2.45000000000000782e+01 -4.19216815875465665e-01 1.99301675645549858e+00
2.46000000000000796e+01 -4.31624353741363098e-01 1.95109507486795208e+00
2.47000000000000810e+01 -4.45013189209684135e-01 1.90793263949381586e+00
2.48000000000000824e+01 -4.59567415453131456e-01 1.86343132057284744e+00
2.49000000000000838e+01 -4.75477010508814524e-01 1.81747457902753418e+00
2.50000000000000853e+01 -4.92955683344765694e-01 1.76992687797665282e+00
2.51000000000000867e+01 -5.12253734578080766e-01 1.72063130964217637e+00
2.52000000000000881e+01 -5.33670308236199209e-01 1.66940593618436828e+00
2.53000000000000895e+01 -5.57567285587311501e-01 1.61603890536074846e+00
2.54000000000000909e+01 -5.84386387377909489e-01 1.56028217680201742e+00
2.55000000000000924e+01 -6.14670976004765834e-01 1.50184353806422655e+00
2.56000000000000938e+01 -6.49094282250614829e-01 1.44037644046375002e+00
2.57000000000000952e+01 -6.88496212093793858e-01 1.37546701223868850e+00
2.58000000000000966e+01 -7.33931466294157175e-01 1.30661739102930907e+00
2.59000000000000981e+01 -7.86732360336313663e-01 1.23322424439989331e+00
2.60000000000000995e+01 -8.48590292009464564e-01 1.15455100836626201e+00
2.61000000000001009e+01 -9.21659831287038878e-01 1.06969197916531567e+00
2.62000000000001023e+01 -1.00868786848212100e+00 9.77525996036611833e-01
2.63000000000001037e+01 -1.11316482429248187e+00 8.76657209188399733e-01
2.64000000000001052e+01 -1.23948054141466590e+00 7.65340726759151546e-01
2.65000000000001066e+01 -1.39303350033967366e+00 6.41392672617684956e-01
2.66000000000001080e+01 -1.58016692151012039e+00 5.02089322583717523e-01
2.67000000000001094e+01 -1.80764837599508943e+00 3.44072630432705473e-01
2.68000000000001108e+01 -2.08110286311672876e+00 1.63307792833196519e-01
2.69000000000001123e+01 -2.40127379617467795e+00 -4.48024934784763684e-02
2.70000000000001137e+01 -2.75626161789448165e+00 -2.84929873095944197e-01
2.71000000000001151e+01 -3.10764279488087292e+00 -5.60556034885392407e-01
2.72000000000001165e+01 -3.37125965252125637e+00 -8.71320314373479787e-01
2.73000000000001180e+01 -3.40589797978860398e+00 -1.20844627962560547e+00
2.74000000000001194e+01 -3.04987145881299204e+00 -1.54903607760446582e+00
2.75000000000001208e+01 -2.25471774316043883e+00 -1.85402322348576498e+00
2.76000000000001222e+01 -1.24496735202624209e+00 -2.07949499780180869e+00
2.77000000000001236e+01 -4.16221210473619707e-01 -2.20399173300443296e+00
2.78000000000001251e+01 4.50189278680969696e-02 -2.24561385405179514e+00
2.79000000000001265e+01 2.42280059412610382e-01 -2.24111196126498546e+00
2.80000000000001279e+01 3.20202514739547084e-01 -2.21688395532372429e+00
2.81000000000001293e+01 3.53872421791648906e-01 -2.18486370384976958e+00
2.82000000000001307e+01 3.72051285734737891e-01 -2.14947646167060480e+00
2.83000000000001322e+01 3.84961184324257688e-01 -2.11227133309713100e+00
2.84000000000001336e+01 3.96295864648497753e-01 -2.07377521466470505e+00
2.85000000000001350e+01 4.07474616714456728e-01 -2.03414562819985534e+00
2.86000000000001364e+01 4.19106253294331932e-01 -1.99339816652840973e+00
2.87000000000001378e+01 4.31505637817473531e-01 -1.95148754119897649e+00
2.88000000000001393e+01 4.44884565003771604e-01 -1.90833697741722919e+00
2.89000000000001407e+01 4.59427191512546407e-01 -1.86384852091685205e+00
2.90000000000001421e+01 4.75323346616149278e-01 -1.81790580176559735e+00
2.91000000000001435e+01 4.92786458131034610e-01 -1.77037346710398236e+00
2.92000000000001450e+01 5.12066434058200293e-01 -1.72109482129087898e+00
2.93000000000001464e+01 5.33461907894416387e-01 -1.66988817788505894e+00
2.94000000000001478e+01 5.57334109699727520e-01 -1.61654198709561725e+00
2.95000000000001492e+01 5.84123932074019248e-01 -1.56080857612564450e+00
2.96000000000001506e+01 6.14373681593122223e-01 -1.50239618291824262e+00
2.97000000000001521e+01 6.48755237179951871e-01 -1.44095881475893028e+00
2.98000000000001535e+01 6.88106766204157450e-01 -1.37608329104093507e+00
2.99000000000001549e+01 7.33480725177957926e-01 -1.30727261442051934e+00
3.00000000000001563e+01 7.86206526618831725e-01 -1.23392454190272360e+00
3.01000000000001577e+01 8.47971815638339677e-01 -1.15530388924084049e+00
3.02000000000001592e+01 9.20926335542605390e-01 -1.07050670767700651e+00
3.03000000000001606e+01 1.00781084535716237e+00 -9.78414074122745947e-01
3.04000000000001620e+01 1.11210817307980991e+00 -8.77632989587029733e-01
3.05000000000001634e+01 1.23819922409714800e+00 -7.66422172279048741e-01
3.06000000000001648e+01 1.39147304411429751e+00 -6.42602249869333897e-01
3.07000000000001663e+01 1.57826548406630862e+00 -5.03454945457904146e-01
3.08000000000001677e+01 1.80534509651476971e+00 -3.45628397051273240e-01
3.09000000000001691e+01 2.07835999573434727e+00 -1.65093887399796246e-01
3.10000000000001705e+01 2.39812621942895188e+00 4.27421121736384912e-02
3.11000000000001720e+01 2.75291377486895694e+00 2.82554734116533701e-01
3.12000000000001734e+01 3.10462763772250527e+00 5.57846111603429451e-01
3.13000000000001748e+01 3.36961674728007354e+00 8.68308875375680023e-01
3.14000000000001762e+01 3.40714478224014794e+00 1.20527055010368733e+00
3.15000000000001776e+01 3.05526726487212219e+00 1.54598502832770213e+00
3.16000000000001791e+01 2.26361359091345360e+00 1.85151175481491448e+00
3.17000000000001805e+01 1.25402182488995195e+00 2.07787311390625984e+00
3.18000000000001819e+01 4.22191241666201811e-01 2.20327529639525510e+00
3.19000000000001833e+01 -4.22317714940264599e-02 2.24549442056187543e+00
3.20000000000001847e+01 -2.41174537254602001e-01 2.24127124341247264e+00
3.21000000000001862e+01 -3.19754150485814292e-01 2.21715378968701238e+00
3.22000000000001876e+01 -3.53656928509602841e-01 2.18517837463843101e+00
3.23000000000001890e+01 -3.71916289948714507e-01 2.14981268178747076e+00
3.24000000000001904e+01 -3.84852477137147930e-01 2.11262105279259949e+00
3.25000000000001918e+01 -3.96193281470165026e-01 2.07413580507888451e+00
3.26000000000001933e+01 -4.07369991853519575e-01 2.03451647693186821e+00
3.27000000000001947e+01 -4.18995756748835435e-01 1.99377947774651632e+00
3.28000000000001961e+01 -4.31387005494239639e-01 1.95187990207163287e+00
3.29000000000001975e+01 -4.44756039871149755e-01 1.90874120152220894e+00
3.30000000000001990e+01 -4.59287082697135030e-01 1.86426559753509391e+00
3.31000000000002004e+01 -4.75169815941784424e-01 1.81833688926538040e+00
3.32000000000002018e+01 -4.92617387339092661e-01 1.77081990767120190e+00
3.33000000000002032e+01 -5.11879313302235017e-01 1.72155816893729252e+00
3.34000000000002046e+01 -5.33253717968321106e-01 1.67037023760706904e+00
3.35000000000002061e+01 -5.57101181632733589e-01 1.61704486581023699e+00
3.36000000000002075e+01 -5.83861770589648832e-01 1.56133474764696367e+00
3.37000000000002089e+01 -6.14076737977553355e-01 1.50294857058799880e+00
3.38000000000002103e+01 -6.48416613968008537e-01 1.44154089679024344e+00
3.39000000000002117e+01 -6.87717831386954193e-01 1.37669923539344263e+00
3.40000000000002132e+01 -7.33030607808967338e-01 1.30792745225474727e+00
3.41000000000002146e+01 -7.85681459678568617e-01 1.23462439147385061e+00
3.42000000000002160e+01 -8.47354288256915056e-01 1.15605624550599373e+00
3.43000000000002174e+01 -9.20194021177981325e-01 1.07132081668030210e+00
3.44000000000002188e+01 -1.00693529915256708e+00 9.79301414562503969e-01
3.45000000000002203e+01 -1.11105337109378288e+00 8.78607884647247261e-01
3.46000000000002217e+01 -1.23692021527186591e+00 7.67502547537868951e-01
3.47000000000002231e+01 -1.38991543924061700e+00 6.43810526010682338e-01
3.48000000000002245e+01 -1.57636748456708720e+00 5.04818982086620682e-01
3.49000000000002260e+01 -1.80304576068905997e+00 3.47182233629911963e-01
3.50000000000002274e+01 -2.07562119390672128e+00 1.66877657561005949e-01
3.51000000000002288e+01 -2.39498180638883795e+00 -4.06844618296662019e-02
3.52000000000002302e+01 -2.74956599594407880e+00 -2.80182642468550014e-01
3.53000000000002316e+01 -3.10160553746665890e+00 -5.55139242062957949e-01
3.54000000000002331e+01 -3.36795472099512283e+00 -8.65299795809623795e-01
3.55000000000002345e+01 -3.40835769917456943e+00 -1.20209526790913612e+00
3.56000000000002359e+01 -3.06062340765554497e+00 -1.54293103782659302e+00
3.57000000000002373e+01 -2.27248918894027607e+00 -1.84899337859214752e+00
3.58000000000002387e+01 -1.26309332927546070e+00 -2.07624229748617495e+00
3.59000000000002402e+01 -4.28195085940364151e-01 -2.20255163041372093e+00
3.60000000000002416e+01 3.94219778865160797e-02 -2.24537113900775731e+00
3.61000000000002430e+01 2.40059370539888794e-01 -2.24142894121910574e+00
3.62000000000002444e+01 3.19302295423739224e-01 -2.21742300416511684e+00
3.63000000000002458e+01 3.53440219066765648e-01 -2.18549277462274283e+00
3.64000000000002473e+01 3.71780880978298589e-01 -2.15014875271606609e+00
3.65000000000002487e+01 3.84743648111133818e-01 -2.11297066461823624e+00
3.66000000000002501e+01 3.96090689361818238e-01 -2.07449629980712302e+00
3.67000000000002515e+01 4.07265407085726505e-01 -2.03488723087094137e+00
3.68000000000002530e+01 4.18885326052306717e-01 -1.99416069016236874e+00
3.69000000000002544e+01 4.31268456624324392e-01 -1.95227215755713801e+00
3.70000000000002558e+01 4.44627613668659549e-01 -1.90914531189470549e+00
3.71000000000002572e+01 4.59147088850642704e-01 -1.86468255052783949e+00
3.72000000000002586e+01 4.75016418305428512e-01 -1.81876784164277527e+00
3.73000000000002601e+01 4.92448470755283307e-01 -1.77126619981223232e+00
3.74000000000002615e+01 5.11692372053230038e-01 -1.72202135273670409e+00
3.75000000000002629e+01 5.33045738145779935e-01 -1.67085211553138113e+00
3.76000000000002643e+01 5.56868501004065708e-01 -1.61754754171680304e+00
3.77000000000002657e+01 5.83599902453161068e-01 -1.56186069161639640e+00
3.78000000000002672e+01 6.13780144572027897e-01 -1.50350070137108038e+00
3.79000000000002686e+01 6.48078411881667371e-01 -1.44212268691387768e+00
3.80000000000002700e+01 6.87329406719223712e-01 -1.37731484572571095e+00
3.81000000000002714e+01 7.32581113018636931e-01 -1.30858190505378857e+00
3.82000000000002728e+01 7.85157158029371249e-01 -1.23532379375192480e+00
3.83000000000002743e+01 8.46737707970154685e-01 -1.15680807794898777e+00
3.84000000000002757e+01 9.19462885777780903e-01 -1.07213430715197222e+00
3.85000000000002771e+01 1.00606122680635290e+00 -9.80188018574194131e-01
3.86000000000002785e+01 1.11000041450617348e+00 -8.79581895893558841e-01
3.87000000000002800e+01 1.23564351028947317e+00 -7.68581854442941470e-01
3.88000000000002814e+01 1.38836068039619587e+00 -6.45017503413994109e-01
3.89000000000002828e+01 1.57447291767043196e+00 -5.06181435374374544e-01
3.90000000000002842e+01 1.80075036493203267e+00 -3.48734143607331348e-01
3.91000000000002856e+01 2.07288645984354813e+00 -1.68659107114128071e-01
3.92000000000002871e+01 2.39184057312661080e+00 3.86295388702267428e-02
3.93000000000002885e+01 2.74621832472521454e+00 2.77813596182887812e-01
3.94000000000002899e+01 3.09857658187655982e+00 5.52435428655409289e-01
3.95000000000002913e+01 3.36627370733309306e+00 8.62293086843065271e-01
3.96000000000002927e+01 3.40953685180158939e+00 1.19892045757637455e+00
3.97000000000002942e+01 3.06593984408136855e+00 1.53987414275653345e+00
3.98000000000002956e+01 2.28134423128040398e+00 1.84646812716467035e+00
3.99000000000002970e+01 1.27218155668997057e+00 2.07460255029271057e+00
4.00000000000002984e+01 4.34232751313050835e-01 2.20182070596170743e+00
4.01000000000002998e+01 -3.65894026647273218e-02 2.24524398109301249e+00
4.02000000000003013e+01 -2.38934472805263143e-01 2.24158504082653964e+00
4.03000000000003027e+01 -3.18846915712395984e-01 2.21769159354601353e+00
4.04000000000003041e+01 -3.53222281489637524e-01 2.18580690197477390e+00
4.05000000000003055e+01 -3.71645054558499499e-01 2.15048467382581032e+00
4.06000000000003070e+01 -3.84634695648324976e-01 2.11332016836996051e+00
4.07000000000003084e+01 -3.95988087669405298e-01 2.07485669880512802e+00
4.08000000000003098e+01 -4.07160862099743781e-01 2.03525789003818769e+00
4.09000000000003112e+01 -4.18774961017465586e-01 1.99454180382821322e+00
4.10000000000003126e+01 -4.31149991060260307e-01 1.95266430772646671e+00
4.11000000000003141e+01 -4.44499286253229986e-01 1.90954930862044070e+00
4.12000000000003155e+01 -4.59007209817026030e-01 1.86509937999511766e+00
4.13000000000003169e+01 -4.74863153527093795e-01 1.81919865901341504e+00
4.14000000000003183e+01 -4.92279708166343644e-01 1.77171234366070562e+00
4.15000000000003197e+01 -5.11505610054727278e-01 1.72248437284407130e+00
4.16000000000003212e+01 -5.32837968115284277e-01 1.67133381183859853e+00
4.17000000000003226e+01 -5.56636067432246473e-01 1.61805001502707002e+00
4.18000000000003240e+01 -5.83338327193914097e-01 1.56238640828384545e+00
4.19000000000003254e+01 -6.13483900791781500e-01 1.50405257556445404e+00
4.20000000000003268e+01 -6.47740630189432620e-01 1.44270418548527579e+00
4.21000000000003283e+01 -6.86941491280089744e-01 1.37793012246633251e+00
4.22000000000003297e+01 -7.32132239641102411e-01 1.30923597333832342e+00
4.23000000000003311e+01 -7.84633620188539549e-01 1.23602274937421308e+00
4.24000000000003325e+01 -8.46122072887435905e-01 1.15755938735535913e+00
4.25000000000003340e+01 -9.18732926932174676e-01 1.07294718006661549e+00
4.26000000000003354e+01 -1.00518862526331865e+00 9.81073887373397957e-01
4.27000000000003368e+01 -1.10894929949652332e+00 8.80555024847066048e-01
4.28000000000003382e+01 -1.23436910450833404e+00 7.69660094897413716e-01
4.29000000000003396e+01 -1.38680876226335248e+00 6.46223184446580334e-01
4.30000000000003411e+01 -1.57258177802928012e+00 5.07542308220245042e-01
4.31000000000003425e+01 -1.79845890562833954e+00 3.50284130417316986e-01
4.32000000000003439e+01 -2.07015579567260266e+00 1.70438239854483031e-01
4.33000000000003453e+01 -2.38870253553388556e+00 -3.65773397127772404e-02
4.34000000000003467e+01 -2.74287080448639742e+00 -2.75447593266165802e-01
4.35000000000003482e+01 -3.09554085825202829e+00 -5.49734673714805555e-01
4.36000000000003496e+01 -3.36457383966600299e+00 -8.59288759540008384e-01
4.37000000000003510e+01 -3.41068236201706121e+00 -1.19574614350660857e+00
4.38000000000003524e+01 -3.07121653337023881e+00 -1.53681437970831469e+00
4.39000000000003539e+01 -2.29017841386212595e+00 -1.84393603304533871e+00
4.40000000000003553e+01 -1.28128619661222043e+00 -2.07295387443155121e+00
4.41000000000003567e+01 -4.40304243075470225e-01 -2.20108249409277335e+00
4.42000000000003581e+01 3.37339013869433768e-02 -2.24511291840032046e+00
4.43000000000003595e+01 2.37799756938333606e-01 -2.24173952826162592e+00
4.44000000000003610e+01 3.18387977192023941e-01 -2.21795955256779243e+00
4.45000000000003624e+01 3.53003103688644848e-01 -2.18612075484859014e+00
4.46000000000003638e+01 3.71508806384299228e-01 -2.15082044447972587e+00
4.47000000000003652e+01 3.84525618136850433e-01 -2.11366956384129612e+00
4.48000000000003666e+01 3.95885475733860126e-01 -2.07521700202761128e+00
4.49000000000003681e+01 4.07056356582422396e-01 -2.03562845445422536e+00
4.50000000000003695e+01 4.18664661456417064e-01 -1.99492281879598310e+00
4.51000000000003709e+01 4.31031608654448894e-01 -1.95305635265034150e+00
4.52000000000003723e+01 4.44371057481879439e-01 -1.90995319178489664e+00
4.53000000000003737e+01 4.58867445440454602e-01 -1.86551608603670860e+00
4.54000000000003752e+01 4.74710021427098505e-01 -1.81962934149266320e+00
4.55000000000003766e+01 4.92111099359407778e-01 -1.77215833934995337e+00
4.56000000000003780e+01 5.11319027050769703e-01 -1.72294722941401268e+00
4.57000000000003794e+01 5.32630407565953701e-01 -1.67181532670893573e+00
4.58000000000003809e+01 5.56403880536588957e-01 -1.61855228595234046e+00
4.59000000000003823e+01 5.83077044342266038e-01 -1.56291189789868157e+00
4.60000000000003837e+01 6.13188006053321355e-01 -1.50460419346445495e+00
4.61000000000003851e+01 6.47403268161434342e-01 -1.44328539285912272e+00
4.62000000000003865e+01 6.86554084150763799e-01 -1.37854506604297922e+00
4.63000000000003880e+01 7.31683986513186446e-01 -1.30988965762790288e+00
4.64000000000003894e+01 7.84110844676828789e-01 -1.23672125897658414e+00
4.65000000000003908e+01 8.45507381122552082e-01 -1.15831017450890128e+00
4.66000000000003922e+01 9.18004142236893195e-01 -1.07375943639664606e+00
4.67000000000003936e+01 1.00431749147505145e+00 -9.81959022172956719e-01
4.68000000000003951e+01 1.10790002225215889e+00 -8.81527273025451530e-01
4.69000000000003965e+01 1.23309699329455968e+00 -7.70737270800235574e-01
4.70000000000003979e+01 1.38525967952924223e+00 -6.47427571470779561e-01
4.71000000000003993e+01 1.57069406029171188e+00 -5.08901603517855294e-01
4.72000000000004007e+01 1.79617137913358871e+00 -3.51832197488684106e-01
4.73000000000004022e+01 2.06742920344046555e+00 -1.72215059575325236e-01
4.74000000000004036e+01 2.38556770932285822e+00 3.45278607687213301e-02
4.75000000000004050e+01 2.73952347817193731e+00 2.73084631701007163e-01
4.76000000000004064e+01 3.09249845343007701e+00 5.47036979518200850e-01
4.77000000000004079e+01 3.36285525106679595e+00 8.56286824861208551e-01
4.78000000000004093e+01 3.41179435238928397e+00 1.19257234996788819e+00
4.79000000000004107e+01 3.07645343703350571e+00 1.53375178520681654e+00
4.80000000000004121e+01 2.29899143452604582e+00 1.84139712891016716e+00
4.81000000000004135e+01 1.29040693652679450e+00 2.07129627236277170e+00
4.82000000000004150e+01 4.46409563771156259e-01 2.20033696601545126e+00
4.83000000000004164e+01 -3.08553295680801254e-02 2.24497792239256677e+00
4.84000000000004178e+01 -2.36655135175521725e-01 2.24189238943575875e+00
4.85000000000004192e+01 -3.17925445381293803e-01 2.21822687591820644e+00
4.86000000000004206e+01 -3.52782673457009199e-01 2.18643433138007692e+00
4.87000000000004221e+01 -3.71372132110260988e-01 2.15115606403437587e+00
4.88000000000004235e+01 -3.84416413950725844e-01 2.11401885082334973e+00
4.89000000000004249e+01 -3.95782852891056969e-01 2.07557720942827695e+00
4.90000000000004263e+01 -4.06951890218781864e-01 2.03599892413917116e+00
4.91000000000004277e+01 -4.18554427180645838e-01 1.99530373511729309e+00
4.92000000000004292e+01 -4.30913309259159494e-01 1.95344829239922846e+00
4.93000000000004306e+01 -4.44242927211715877e-01 1.91035696147331246e+00
4.94000000000004320e+01 -4.58727795565311902e-01 1.86593266875214092e+00
4.95000000000004334e+01 -4.74557021826067682e-01 1.82005988919560968e+00
4.96000000000004349e+01 -4.91942644122007444e-01 1.77260418701300293e+00
4.97000000000004363e+01 -5.11132622785901325e-01 1.72340992260080217e+00
4.98000000000004377e+01 -5.32423056187536603e-01 1.67229666032221203e+00
4.99000000000004391e+01 -5.56171939937196935e-01 1.61905435470345838e+00
5.00000000000004405e+01 -5.82816053429574654e-01 1.56343716070973859e+00
